-1.993469
-1.992008
-1.963758
-1.941734
-1.938306
-1.911964
-1.907854
-1.880759
-1.878183
-1.871585
-1.860086
-1.854391
-1.848633
-1.846018
-1.829674
-1.822643
-1.816288
-1.813250
-1.802846
-1.793271
-1.786094
-1.781673
-1.775165
-1.773836
-1.765185
-1.759421
-1.752887
-1.745563
-1.730496
-1.726020
-1.720128
-1.713968
-1.707597
-1.705033
-1.699080
-1.690386
-1.686185
-1.678336
-1.673857
-1.672873
-1.665759
-1.659364
-1.652730
-1.643927
-1.639697
-1.634068
-1.626570
-1.621449
-1.616081
-1.614130
-1.603636
-1.601000
-1.594068
-1.590616
-1.585653
-1.574183
-1.572530
-1.571153
-1.561609
-1.558264
-1.551961
-1.546188
-1.543246
-1.541017
-1.536540
-1.529143
-1.525905
-1.520939
-1.514782
-1.512348
-1.505492
-1.503141
-1.498221
-1.491241
-1.487356
-1.481637
-1.480059
-1.476164
-1.469107
-1.463385
-1.458857
-1.456473
-1.453846
-1.446270
-1.441989
-1.438683
-1.434846
-1.429597
-1.426350
-1.422653
-1.416488
-1.410895
-1.405982
-1.402934
-1.396911
-1.390981
-1.389810
-1.385402
-1.378299
-1.375011
-1.373206
-1.370210
-1.368065
-1.366459
-1.358238
-1.348746
-1.344529
-1.338717
-1.333582
-1.331811
-1.327121
-1.323053
-1.322309
-1.319267
-1.315371
-1.311113
-1.301470
-1.299353
-1.296710
-1.290596
-1.288087
-1.281545
-1.280241
-1.272268
-1.269857
-1.265641
-1.264169
-1.260794
-1.256185
-1.254287
-1.250546
-1.244554
-1.242376
-1.239281
-1.233673
-1.229941
-1.225212
-1.223733
-1.220200
-1.216673
-1.213083
-1.205988
-1.201468
-1.199099
-1.193270
-1.189729
-1.187833
-1.178328
-1.175008
-1.173043
-1.170479
-1.163363
-1.161787
-1.159259
-1.157148
-1.153763
-1.146845
-1.144043
-1.138768
-1.136250
-1.131249
-1.125722
-1.122187
-1.121063
-1.113895
-1.109115
-1.106557
-1.104881
-1.099503
-1.096755
-1.095460
-1.091175
-1.089642
-1.085598
-1.081669
-1.076743
-1.073680
-1.068313
-1.065953
-1.062800
-1.057303
-1.053293
-1.048042
-1.045713
-1.043050
-1.037844
-1.035478
-1.029859
-1.021078
-1.019189
-1.016844
-1.013110
-1.010233
-1.005941
-1.004661
-1.000437
-0.996137
-0.991007
-0.987804
-0.983660
-0.981900
-0.978674
-0.973469
-0.971074
-0.969002
-0.964634
-0.963311
-0.959309
-0.953826
-0.951859
-0.951343
-0.944743
-0.941359
-0.939012
-0.933232
-0.926847
-0.924869
-0.923963
-0.917140
-0.911794
-0.906959
-0.905166
-0.902854
-0.902005
-0.893972
-0.891369
-0.888266
-0.883639
-0.878030
-0.875930
-0.872946
-0.870915
-0.869236
-0.866129
-0.861061
-0.855446
-0.852079
-0.848696
-0.845634
-0.840388
-0.836345
-0.834553
-0.828911
-0.823906
-0.821477
-0.817708
-0.814251
-0.813503
-0.811433
-0.806744
-0.804993
-0.800946
-0.798789
-0.794044
-0.793430
-0.787185
-0.783692
-0.778597
-0.776144
-0.773487
-0.771737
-0.766524
-0.764864
-0.760959
-0.756238
-0.754510
-0.746171
-0.744039
-0.742365
-0.736982
-0.735443
-0.732811
-0.729968
-0.726440
-0.722978
-0.720234
-0.718361
-0.712979
-0.709668
-0.707820
-0.704309
-0.700081
-0.694557
-0.690068
-0.689148
-0.685510
-0.683679
-0.680360
-0.679135
-0.675160
-0.671859
-0.665650
-0.662793
-0.658940
-0.655606
-0.651119
-0.646694
-0.645021
-0.642036
-0.639978
-0.635921
-0.633843
-0.631344
-0.630007
-0.625819
-0.622767
-0.617462
-0.615585
-0.612448
-0.607141
-0.606782
-0.600948
-0.598462
-0.594246
-0.591561
-0.587541
-0.586512
-0.580196
-0.577349
-0.574112
-0.571253
-0.567217
-0.561554
-0.560637
-0.559049
-0.552988
-0.548790
-0.547920
-0.546739
-0.544667
-0.536470
-0.534787
-0.530444
-0.529150
-0.524875
-0.520907
-0.520065
-0.517771
-0.511452
-0.509099
-0.502529
-0.498935
-0.496273
-0.493412
-0.491199
-0.485497
-0.484017
-0.478445
-0.476329
-0.475044
-0.474452
-0.468018
-0.464278
-0.459879
-0.459684
-0.457369
-0.453909
-0.450642
-0.445300
-0.443949
-0.439332
-0.436312
-0.432974
-0.431399
-0.429680
-0.421538
-0.419918
-0.417398
-0.413331
-0.412737
-0.408073
-0.403073
-0.399214
-0.395817
-0.390566
-0.387442
-0.383774
-0.381239
-0.380354
-0.379327
-0.376649
-0.375867
-0.371084
-0.368342
-0.366698
-0.361946
-0.359533
-0.356171
-0.353060
-0.350191
-0.345643
-0.344182
-0.342662
-0.339453
-0.332449
-0.329920
-0.325717
-0.321040
-0.319456
-0.315322
-0.312353
-0.311509
-0.307928
-0.305273
-0.301994
-0.298407
-0.296293
-0.291444
-0.288685
-0.286086
-0.283609
-0.281207
-0.276630
-0.272939
-0.271968
-0.268075
-0.263735
-0.261774
-0.258421
-0.254791
-0.250507
-0.247546
-0.243651
-0.240512
-0.239041
-0.237621
-0.232169
-0.230197
-0.223224
-0.220243
-0.218532
-0.217349
-0.215983
-0.208473
-0.207421
-0.203137
-0.199746
-0.196373
-0.193043
-0.188695
-0.181877
-0.179222
-0.175356
-0.174637
-0.171159
-0.168980
-0.167001
-0.164253
-0.159975
-0.158783
-0.155777
-0.153558
-0.147728
-0.144544
-0.143743
-0.142375
-0.138011
-0.132296
-0.130286
-0.127320
-0.124305
-0.124102
-0.120301
-0.115717
-0.109738
-0.108503
-0.105549
-0.102225
-0.099377
-0.097907
-0.091001
-0.088217
-0.087223
-0.083065
-0.081453
-0.080010
-0.075281
-0.072574
-0.069276
-0.068152
-0.066117
-0.061836
-0.056117
-0.054996
-0.051754
-0.049333
-0.042395
-0.041348
-0.037062
-0.035344
-0.031720
-0.028642
-0.025276
-0.021064
-0.018128
-0.012244
-0.011758
-0.007927
-0.004574
-0.002712
0.005397
0.006437
0.011538
0.015549
0.016982
0.019059
0.021441
0.027561
0.031845
0.033144
0.036125
0.041555
0.044105
0.044976
0.047145
0.051052
0.054736
0.055864
0.057158
0.064048
0.064826
0.071348
0.073597
0.074719
0.078019
0.084246
0.085797
0.087967
0.089343
0.091739
0.095387
0.099773
0.103038
0.105825
0.109469
0.110315
0.114122
0.116944
0.118630
0.119643
0.121428
0.124339
0.130996
0.132048
0.135893
0.138972
0.141464
0.146797
0.149297
0.150661
0.156307
0.158419
0.162969
0.165165
0.168424
0.174009
0.176981
0.181954
0.187875
0.188690
0.192944
0.193866
0.196395
0.197863
0.201360
0.205089
0.210642
0.214017
0.216287
0.224333
0.225631
0.229720
0.232104
0.234486
0.236324
0.239432
0.241273
0.243025
0.244953
0.250183
0.254325
0.256592
0.258416
0.263959
0.266260
0.269576
0.272881
0.275341
0.275710
0.284455
0.286561
0.288288
0.290132
0.296231
0.300636
0.303351
0.306248
0.311675
0.313094
0.313698
0.320859
0.323362
0.326630
0.327387
0.332910
0.337234
0.342451
0.344769
0.347483
0.349792
0.354478
0.356765
0.361489
0.363667
0.364802
0.366028
0.371155
0.374230
0.380968
0.381092
0.387411
0.392056
0.393507
0.398564
0.400384
0.401704
0.404848
0.407177
0.410602
0.415067
0.418843
0.419850
0.421461
0.430958
0.433395
0.434189
0.437552
0.442948
0.445163
0.447022
0.450486
0.454264
0.456207
0.461336
0.463239
0.466829
0.468707
0.471246
0.474035
0.477129
0.481527
0.485105
0.488502
0.492161
0.496953
0.497410
0.501248
0.504318
0.507392
0.507673
0.509557
0.520509
0.521396
0.524078
0.526228
0.533046
0.537283
0.540316
0.541454
0.546077
0.551198
0.553428
0.555161
0.558468
0.561024
0.563521
0.566720
0.571601
0.576027
0.578753
0.579946
0.583804
0.585400
0.586682
0.592001
0.593421
0.600987
0.602091
0.605978
0.609315
0.611410
0.617781
0.618900
0.621927
0.626350
0.627095
0.629828
0.635517
0.638574
0.639956
0.645832
0.649759
0.653469
0.658619
0.662610
0.665787
0.668144
0.669361
0.675089
0.679312
0.681224
0.682366
0.687375
0.692165
0.695666
0.697834
0.702553
0.708509
0.711757
0.712668
0.715525
0.719940
0.721142
0.724001
0.726109
0.727967
0.731529
0.737211
0.741888
0.743990
0.747326
0.749632
0.752154
0.754196
0.759567
0.762210
0.768279
0.768792
0.774984
0.776482
0.777186
0.784036
0.784559
0.789330
0.792763
0.795383
0.796785
0.800298
0.805529
0.807964
0.811345
0.813650
0.818667
0.820491
0.827518
0.831494
0.833062
0.834504
0.838575
0.842946
0.848375
0.852238
0.858657
0.861375
0.866594
0.868640
0.871024
0.872484
0.876257
0.883696
0.884324
0.887712
0.888857
0.892528
0.895026
0.899123
0.905201
0.906237
0.912258
0.912552
0.915086
0.917773
0.922522
0.925064
0.932302
0.937779
0.938507
0.938849
0.946415
0.946631
0.947372
0.951199
0.955600
0.958335
0.964165
0.967335
0.971216
0.975552
0.979603
0.982570
0.987697
0.990358
0.996712
0.997962
0.999099
1.004971
1.010998
1.015586
1.016107
1.019481
1.023242
1.023636
1.032922
1.036373
1.036832
1.037760
1.046728
1.048513
1.054604
1.055573
1.063799
1.064997
1.066895
1.067661
1.070927
1.075206
1.081607
1.083002
1.085863
1.093968
1.098397
1.099775
1.104228
1.108389
1.113050
1.119213
1.121600
1.123350
1.127103
1.130976
1.132837
1.139388
1.144763
1.145329
1.147939
1.152922
1.156104
1.159696
1.164025
1.168331
1.170683
1.180859
1.184678
1.187875
1.193373
1.194813
1.201613
1.203024
1.203738
1.209543
1.212419
1.217838
1.222120
1.227613
1.235802
1.240505
1.241233
1.244966
1.246222
1.252197
1.256166
1.257854
1.262273
1.268331
1.272360
1.274168
1.275034
1.284929
1.285947
1.286454
1.289837
1.294842
1.300574
1.307954
1.309520
1.318742
1.321361
1.323443
1.330538
1.336106
1.339126
1.342205
1.344065
1.350546
1.355793
1.358593
1.361023
1.366487
1.373300
1.377458
1.379443
1.383489
1.387131
1.391339
1.392662
1.400566
1.400872
1.408976
1.413352
1.418303
1.419489
1.422686
1.431210
1.433404
1.439078
1.444027
1.447391
1.452183
1.458233
1.464252
1.469786
1.472853
1.477322
1.479444
1.487454
1.496513
1.497739
1.504155
1.505958
1.507759
1.519697
1.526811
1.534109
1.538180
1.539563
1.542721
1.551563
1.552291
1.559510
1.565858
1.570360
1.574114
1.585476
1.586401
1.590148
1.594963
1.599417
1.601674
1.608582
1.614113
1.617385
1.621341
1.633172
1.636686
1.640798
1.652289
1.654351
1.655582
1.664419
1.669848
1.675589
1.682702
1.691345
1.693235
1.697053
1.704738
1.705706
1.712717
1.728452
1.729580
1.734264
1.736094
1.751877
1.754450
1.759065
1.762644
1.774024
1.778442
1.784796
1.791760
1.798950
1.812636
1.816648
1.818794
1.835866
1.841833
1.848546
1.851344
1.857679
1.874877
1.877065
1.883346
1.894080
1.904637
1.919325
1.927550
1.942085
1.943686
1.958267
2.002835
