-2.004199
-1.982965
-1.955904
-1.949812
-1.944782
-1.921645
-1.920238
-1.908550
-1.896989
-1.884277
-1.865343
-1.860725
-1.858188
-1.851121
-1.845721
-1.821139
-1.816680
-1.811710
-1.808674
-1.807116
-1.800339
-1.788581
-1.782186
-1.773753
-1.772112
-1.758669
-1.746596
-1.742478
-1.728618
-1.724412
-1.720765
-1.717357
-1.710480
-1.700502
-1.692904
-1.688102
-1.681328
-1.677474
-1.669106
-1.666324
-1.664360
-1.658930
-1.652158
-1.647225
-1.646397
-1.636797
-1.632938
-1.625968
-1.618903
-1.615454
-1.614789
-1.609396
-1.603927
-1.597546
-1.586786
-1.579479
-1.576451
-1.575505
-1.568949
-1.563154
-1.560500
-1.557783
-1.549043
-1.547579
-1.542805
-1.532076
-1.528044
-1.525789
-1.516403
-1.513688
-1.508816
-1.506097
-1.504142
-1.498168
-1.492349
-1.488106
-1.484525
-1.482166
-1.477232
-1.472866
-1.464828
-1.459231
-1.456815
-1.451063
-1.446122
-1.443411
-1.436470
-1.430860
-1.427969
-1.420122
-1.419509
-1.411831
-1.407303
-1.404418
-1.401227
-1.395613
-1.387545
-1.386090
-1.382700
-1.379891
-1.371206
-1.367376
-1.362183
-1.357590
-1.351988
-1.348928
-1.342860
-1.338597
-1.336946
-1.333137
-1.330687
-1.327516
-1.323467
-1.313028
-1.311344
-1.309416
-1.308340
-1.301872
-1.296517
-1.294674
-1.292736
-1.287492
-1.284204
-1.280366
-1.278426
-1.276213
-1.271326
-1.268007
-1.260447
-1.254900
-1.250331
-1.248508
-1.244366
-1.241854
-1.238794
-1.235764
-1.229649
-1.227933
-1.226293
-1.210617
-1.207121
-1.204935
-1.199258
-1.194206
-1.191179
-1.186452
-1.182127
-1.179855
-1.176863
-1.170563
-1.167350
-1.163645
-1.159057
-1.154312
-1.149536
-1.149181
-1.143441
-1.140776
-1.138639
-1.131949
-1.128563
-1.123482
-1.121604
-1.121068
-1.115328
-1.108343
-1.105895
-1.105372
-1.097966
-1.095087
-1.089480
-1.086731
-1.081454
-1.078894
-1.075408
-1.071182
-1.069945
-1.064693
-1.061993
-1.057734
-1.055685
-1.049197
-1.045477
-1.038457
-1.037055
-1.035360
-1.033408
-1.030527
-1.027367
-1.022898
-1.020398
-1.017186
-1.011630
-1.008093
-1.002221
-1.000955
-0.997304
-0.994531
-0.989046
-0.985900
-0.984570
-0.978075
-0.976171
-0.972139
-0.968611
-0.963911
-0.961450
-0.958988
-0.955682
-0.951268
-0.945088
-0.943198
-0.939426
-0.936697
-0.932353
-0.928565
-0.926147
-0.923309
-0.917730
-0.913771
-0.912714
-0.905052
-0.902754
-0.900046
-0.897233
-0.893889
-0.892428
-0.885226
-0.880410
-0.877805
-0.873370
-0.871249
-0.865780
-0.864996
-0.862681
-0.858525
-0.856531
-0.849848
-0.844891
-0.840380
-0.839186
-0.838451
-0.835923
-0.831089
-0.827127
-0.821617
-0.818951
-0.814481
-0.813810
-0.808524
-0.802203
-0.799211
-0.798022
-0.791893
-0.789209
-0.786538
-0.785425
-0.783070
-0.775417
-0.771540
-0.769723
-0.767660
-0.764525
-0.760220
-0.755087
-0.750268
-0.748751
-0.744846
-0.744404
-0.740866
-0.738239
-0.734418
-0.731887
-0.729702
-0.719038
-0.713846
-0.710272
-0.708950
-0.706946
-0.701561
-0.697787
-0.691667
-0.691082
-0.686353
-0.685166
-0.682896
-0.680956
-0.677867
-0.674935
-0.671498
-0.667167
-0.665556
-0.661537
-0.657062
-0.655199
-0.648720
-0.645508
-0.643317
-0.641447
-0.637791
-0.634525
-0.631454
-0.627815
-0.623394
-0.621576
-0.619200
-0.617079
-0.613275
-0.609844
-0.603850
-0.600988
-0.599117
-0.591568
-0.589645
-0.586979
-0.585580
-0.581311
-0.580290
-0.578887
-0.571073
-0.569058
-0.566787
-0.561551
-0.558708
-0.556937
-0.553853
-0.549854
-0.547778
-0.546709
-0.537353
-0.535926
-0.533106
-0.530569
-0.527810
-0.521288
-0.518335
-0.514097
-0.512825
-0.509146
-0.507597
-0.504247
-0.502419
-0.500394
-0.493300
-0.489920
-0.487100
-0.485557
-0.482642
-0.481148
-0.476886
-0.472109
-0.468614
-0.467220
-0.462533
-0.459486
-0.453825
-0.449653
-0.447716
-0.443596
-0.443108
-0.441684
-0.436711
-0.433384
-0.429377
-0.428475
-0.425177
-0.422135
-0.418935
-0.418297
-0.412604
-0.405671
-0.402171
-0.397677
-0.397110
-0.394958
-0.392372
-0.388523
-0.387602
-0.384343
-0.380454
-0.379252
-0.373573
-0.372624
-0.366345
-0.363470
-0.360488
-0.353614
-0.353002
-0.350639
-0.347845
-0.343248
-0.337806
-0.334620
-0.331860
-0.331285
-0.327285
-0.324036
-0.321099
-0.319113
-0.316058
-0.311918
-0.310747
-0.306858
-0.303429
-0.300932
-0.295733
-0.292735
-0.289510
-0.287950
-0.282967
-0.281318
-0.276110
-0.272832
-0.269909
-0.267201
-0.264472
-0.262550
-0.258730
-0.252109
-0.251182
-0.247111
-0.245148
-0.241529
-0.239055
-0.235841
-0.231571
-0.229029
-0.225754
-0.224516
-0.220745
-0.218028
-0.216886
-0.213291
-0.211505
-0.206452
-0.204825
-0.203553
-0.198346
-0.194009
-0.190860
-0.188570
-0.186104
-0.177454
-0.175710
-0.174035
-0.170985
-0.166707
-0.162586
-0.159869
-0.157497
-0.155551
-0.152165
-0.148085
-0.147290
-0.143618
-0.141708
-0.138666
-0.135755
-0.132783
-0.126507
-0.123893
-0.119753
-0.116960
-0.112492
-0.110681
-0.108492
-0.105256
-0.103622
-0.101182
-0.096820
-0.095790
-0.094007
-0.085547
-0.082712
-0.080648
-0.078437
-0.070703
-0.066454
-0.065030
-0.063505
-0.061596
-0.057162
-0.054840
-0.051461
-0.048735
-0.044977
-0.041119
-0.036007
-0.035546
-0.034449
-0.030530
-0.027884
-0.024015
-0.019214
-0.016663
-0.013206
-0.010686
-0.006260
-0.004690
-0.001709
0.001712
0.004817
0.007585
0.011247
0.013644
0.016197
0.019083
0.021639
0.025823
0.029129
0.032658
0.037356
0.039151
0.039950
0.044193
0.047132
0.050859
0.054086
0.056808
0.059435
0.062223
0.066571
0.069046
0.072524
0.074558
0.081739
0.086652
0.088922
0.093082
0.094429
0.096691
0.100085
0.103618
0.106724
0.108002
0.113949
0.116654
0.119071
0.121472
0.123611
0.125295
0.129636
0.132960
0.137197
0.141006
0.142561
0.147258
0.151663
0.153984
0.157107
0.158276
0.162542
0.168107
0.168827
0.171597
0.173055
0.178072
0.179174
0.181788
0.185361
0.192406
0.196138
0.200018
0.201097
0.204494
0.208568
0.212175
0.213432
0.220040
0.225782
0.226492
0.230429
0.231057
0.233801
0.235539
0.237407
0.244057
0.245025
0.248871
0.252956
0.255888
0.259004
0.261432
0.265033
0.269029
0.270522
0.274921
0.277677
0.281049
0.282929
0.286468
0.289303
0.291692
0.295633
0.297759
0.302785
0.304413
0.307108
0.312551
0.318137
0.319114
0.322169
0.327054
0.329377
0.332348
0.337573
0.339856
0.345909
0.346515
0.348298
0.354554
0.356015
0.357808
0.360159
0.363855
0.365068
0.369125
0.372078
0.373319
0.377951
0.383887
0.385082
0.388779
0.396229
0.397464
0.400467
0.405593
0.407070
0.410212
0.411562
0.416547
0.417838
0.420412
0.423670
0.425466
0.427724
0.431102
0.437949
0.440615
0.442795
0.448663
0.452131
0.455761
0.458031
0.459906
0.464490
0.465107
0.468768
0.476880
0.477829
0.481645
0.484835
0.485331
0.488049
0.494954
0.499039
0.501956
0.502946
0.505960
0.507941
0.512163
0.514397
0.516120
0.520278
0.525765
0.529375
0.532004
0.536074
0.540360
0.542061
0.544340
0.548404
0.552435
0.554406
0.561036
0.564727
0.565012
0.567587
0.569060
0.572041
0.575163
0.576724
0.584576
0.585527
0.588680
0.591173
0.597796
0.598048
0.604439
0.605603
0.610507
0.615389
0.617356
0.619615
0.620769
0.623848
0.628566
0.633170
0.636127
0.639336
0.641942
0.644010
0.646672
0.649744
0.655651
0.657783
0.660175
0.665028
0.670375
0.675871
0.678217
0.679919
0.682048
0.683943
0.686969
0.691130
0.695202
0.698437
0.701615
0.702469
0.709244
0.709728
0.714245
0.718029
0.722430
0.726934
0.730500
0.733676
0.740065
0.744503
0.745901
0.749040
0.752788
0.752910
0.756953
0.758948
0.761400
0.765430
0.766912
0.768995
0.777280
0.781658
0.782666
0.786536
0.789514
0.792115
0.793518
0.797085
0.802808
0.805426
0.807630
0.810954
0.814211
0.819533
0.821345
0.822737
0.828589
0.831052
0.835063
0.838751
0.843514
0.849400
0.851228
0.857751
0.858624
0.863368
0.865634
0.867173
0.870029
0.873588
0.878998
0.885517
0.890581
0.893318
0.896895
0.900507
0.905950
0.909104
0.913205
0.913708
0.918522
0.920302
0.924195
0.925711
0.933024
0.936596
0.938126
0.941306
0.945045
0.951443
0.955128
0.958155
0.962361
0.963667
0.966808
0.968014
0.972031
0.976586
0.980819
0.983513
0.984996
0.988444
0.994540
0.998532
1.002313
1.002924
1.007032
1.009564
1.020946
1.021726
1.027277
1.027988
1.032565
1.035929
1.039815
1.044418
1.045744
1.048371
1.053318
1.057149
1.061225
1.064318
1.069811
1.071782
1.076797
1.077626
1.083858
1.084952
1.091356
1.095878
1.100409
1.103475
1.109049
1.110573
1.114717
1.120611
1.122845
1.126742
1.129526
1.132155
1.133221
1.136307
1.139737
1.144012
1.151339
1.153855
1.159403
1.161715
1.163933
1.170233
1.172798
1.176945
1.179239
1.181073
1.184212
1.191635
1.193932
1.198984
1.201934
1.204517
1.214328
1.215493
1.219337
1.222346
1.228886
1.230941
1.236144
1.240000
1.241598
1.247217
1.252523
1.260402
1.261121
1.266313
1.269097
1.273268
1.273898
1.281573
1.288227
1.293886
1.296997
1.300967
1.303474
1.308139
1.309859
1.316318
1.318669
1.322704
1.325193
1.330562
1.334723
1.340061
1.341064
1.346777
1.349962
1.353821
1.359749
1.364104
1.366725
1.371654
1.375275
1.377112
1.384001
1.390679
1.397819
1.401566
1.404826
1.409399
1.417219
1.419890
1.421477
1.426415
1.433418
1.438764
1.444339
1.448720
1.452687
1.454732
1.457513
1.460141
1.467393
1.473474
1.479835
1.481227
1.487497
1.495345
1.503076
1.503937
1.507368
1.510999
1.518673
1.520279
1.529859
1.536188
1.539364
1.541103
1.544833
1.550740
1.559648
1.566292
1.568338
1.572140
1.577019
1.588984
1.591028
1.597560
1.601379
1.607179
1.608447
1.610593
1.615164
1.620517
1.624191
1.628677
1.636026
1.641118
1.644637
1.653665
1.660054
1.667608
1.671956
1.677577
1.681753
1.684841
1.692256
1.701377
1.706633
1.710885
1.720283
1.723059
1.725035
1.735546
1.741044
1.749470
1.753919
1.759674
1.764433
1.773222
1.776890
1.787809
1.797496
1.803901
1.807512
1.809454
1.818744
1.832118
1.833816
1.854229
1.857861
1.873789
1.874665
1.878733
1.892699
1.905747
1.913707
1.929556
1.934380
1.945925
1.971171
1.982947
