-1.995522
-1.983983
-1.953553
-1.942852
-1.935203
-1.923119
-1.902793
-1.897428
-1.888315
-1.881527
-1.871169
-1.869319
-1.860906
-1.849023
-1.848064
-1.836286
-1.826906
-1.825104
-1.817021
-1.803006
-1.789587
-1.787087
-1.775284
-1.772790
-1.768050
-1.760410
-1.753326
-1.747489
-1.739041
-1.736250
-1.729183
-1.716974
-1.713580
-1.710057
-1.704838
-1.691431
-1.689166
-1.681847
-1.680858
-1.674917
-1.672945
-1.665667
-1.660938
-1.657527
-1.645062
-1.641209
-1.635328
-1.630000
-1.626785
-1.626186
-1.617377
-1.614098
-1.607449
-1.598774
-1.591005
-1.589003
-1.580970
-1.574645
-1.568649
-1.565457
-1.560754
-1.554453
-1.552555
-1.546324
-1.543065
-1.531875
-1.526175
-1.525936
-1.519862
-1.514563
-1.509297
-1.507517
-1.502234
-1.494177
-1.492092
-1.488530
-1.481779
-1.478122
-1.474939
-1.467859
-1.463153
-1.462194
-1.456133
-1.452652
-1.445493
-1.443820
-1.434464
-1.431930
-1.428660
-1.423152
-1.419115
-1.413864
-1.405616
-1.404109
-1.402611
-1.395044
-1.388068
-1.387603
-1.380471
-1.377386
-1.372597
-1.371819
-1.366962
-1.362302
-1.358395
-1.354515
-1.350046
-1.347800
-1.340617
-1.337988
-1.332907
-1.331333
-1.327699
-1.324192
-1.319870
-1.317982
-1.311132
-1.307788
-1.302372
-1.295801
-1.294311
-1.287709
-1.285901
-1.284321
-1.274045
-1.273174
-1.268561
-1.267759
-1.259629
-1.259149
-1.251574
-1.250931
-1.243682
-1.241433
-1.237270
-1.233673
-1.226365
-1.221353
-1.218452
-1.212123
-1.208486
-1.207742
-1.203557
-1.202359
-1.200145
-1.196874
-1.194050
-1.184979
-1.183228
-1.173722
-1.171342
-1.170605
-1.162046
-1.159586
-1.155841
-1.153532
-1.151819
-1.144528
-1.140031
-1.136531
-1.133596
-1.125343
-1.123550
-1.119889
-1.117208
-1.114948
-1.112527
-1.108959
-1.104424
-1.098896
-1.095898
-1.092259
-1.089958
-1.088496
-1.081254
-1.079343
-1.073837
-1.071395
-1.066447
-1.063565
-1.062066
-1.055842
-1.051126
-1.048437
-1.043416
-1.040891
-1.038327
-1.030155
-1.029209
-1.025468
-1.020314
-1.018491
-1.012947
-1.012880
-1.007433
-1.001486
-0.994754
-0.993752
-0.992406
-0.986465
-0.981707
-0.976498
-0.974767
-0.970300
-0.964743
-0.961876
-0.959058
-0.957669
-0.955120
-0.953245
-0.945262
-0.942970
-0.940865
-0.937395
-0.932771
-0.929999
-0.928071
-0.925875
-0.918232
-0.915817
-0.914153
-0.911789
-0.909060
-0.901540
-0.898907
-0.897355
-0.893153
-0.889713
-0.884922
-0.881220
-0.878780
-0.875791
-0.873563
-0.863726
-0.860914
-0.858085
-0.853406
-0.849171
-0.848050
-0.846290
-0.844448
-0.841637
-0.832837
-0.830239
-0.828969
-0.824302
-0.821536
-0.817279
-0.813631
-0.812562
-0.808066
-0.804223
-0.802639
-0.797135
-0.792420
-0.790073
-0.786457
-0.783330
-0.779669
-0.778256
-0.771649
-0.771520
-0.767660
-0.766718
-0.760027
-0.756224
-0.754439
-0.751681
-0.749885
-0.744082
-0.742289
-0.733493
-0.730381
-0.728714
-0.725560
-0.722322
-0.718797
-0.718242
-0.714049
-0.708298
-0.704935
-0.703704
-0.697433
-0.691936
-0.690377
-0.687931
-0.685932
-0.682422
-0.679685
-0.676810
-0.674579
-0.671597
-0.665100
-0.662459
-0.659341
-0.657319
-0.652685
-0.649740
-0.645380
-0.637016
-0.634461
-0.634031
-0.632763
-0.626704
-0.625839
-0.621017
-0.616971
-0.613876
-0.610633
-0.607942
-0.607194
-0.603348
-0.598901
-0.597141
-0.593745
-0.591589
-0.583850
-0.580736
-0.577372
-0.575801
-0.570753
-0.568878
-0.566051
-0.564127
-0.561663
-0.554775
-0.551762
-0.548290
-0.546659
-0.543625
-0.538373
-0.536990
-0.533914
-0.529111
-0.525972
-0.524359
-0.520987
-0.515913
-0.515414
-0.511941
-0.509167
-0.503120
-0.500222
-0.498162
-0.496337
-0.493384
-0.491204
-0.483923
-0.479835
-0.476048
-0.472975
-0.469801
-0.467693
-0.463010
-0.458588
-0.456829
-0.453807
-0.450210
-0.448154
-0.444034
-0.442893
-0.440850
-0.438381
-0.434467
-0.433702
-0.427861
-0.425920
-0.421722
-0.418930
-0.415685
-0.410672
-0.406132
-0.403915
-0.402161
-0.397842
-0.396049
-0.390102
-0.389059
-0.384510
-0.381384
-0.380529
-0.375647
-0.373545
-0.372964
-0.368910
-0.366505
-0.359249
-0.356763
-0.353231
-0.352067
-0.346450
-0.346133
-0.342566
-0.340288
-0.339047
-0.330988
-0.329376
-0.325328
-0.322861
-0.319137
-0.314662
-0.313661
-0.308685
-0.307794
-0.301513
-0.298624
-0.296283
-0.294686
-0.291867
-0.288684
-0.287474
-0.278393
-0.276801
-0.274373
-0.273015
-0.269391
-0.266796
-0.262942
-0.260909
-0.258619
-0.254885
-0.250877
-0.246587
-0.245290
-0.242603
-0.238068
-0.236693
-0.233300
-0.228199
-0.224601
-0.221397
-0.215973
-0.215383
-0.213990
-0.210383
-0.209260
-0.203589
-0.201327
-0.195728
-0.194294
-0.191446
-0.187876
-0.184683
-0.182772
-0.179704
-0.174337
-0.169900
-0.167279
-0.164129
-0.156797
-0.154064
-0.153115
-0.149579
-0.146162
-0.144168
-0.143452
-0.138078
-0.135841
-0.130903
-0.127937
-0.124064
-0.122971
-0.120131
-0.118971
-0.117508
-0.112073
-0.109454
-0.106106
-0.104094
-0.100795
-0.095504
-0.089817
-0.086826
-0.082184
-0.079640
-0.078913
-0.074453
-0.074133
-0.067382
-0.064877
-0.058624
-0.053559
-0.051537
-0.048184
-0.046694
-0.045405
-0.041931
-0.038552
-0.037663
-0.036084
-0.031729
-0.028484
-0.025529
-0.021968
-0.019871
-0.012469
-0.009057
-0.004424
0.002456
0.002906
0.006410
0.007592
0.011195
0.012083
0.012719
0.015923
0.020704
0.024307
0.030030
0.033633
0.035235
0.037693
0.040879
0.044426
0.047837
0.051339
0.054522
0.055911
0.059438
0.064869
0.068068
0.069107
0.071632
0.077467
0.079895
0.081501
0.083745
0.088558
0.090170
0.091417
0.093875
0.097030
0.098892
0.103717
0.104272
0.110370
0.110979
0.116563
0.118356
0.121642
0.127750
0.131819
0.136077
0.138404
0.142067
0.144582
0.147970
0.149387
0.153190
0.153728
0.158232
0.158651
0.164254
0.169197
0.170903
0.172733
0.177366
0.179039
0.184284
0.186571
0.190462
0.191959
0.195241
0.197599
0.198587
0.205758
0.206490
0.210184
0.213301
0.214934
0.221631
0.223104
0.225868
0.230317
0.231481
0.235026
0.242314
0.243201
0.247009
0.249937
0.254016
0.260212
0.264312
0.265536
0.271125
0.271907
0.272638
0.277259
0.280437
0.282569
0.285099
0.287676
0.293301
0.296047
0.300029
0.302160
0.303197
0.305906
0.306507
0.311849
0.318537
0.320076
0.324680
0.326152
0.330809
0.332459
0.336639
0.343016
0.343440
0.348205
0.350079
0.350487
0.351662
0.354977
0.357729
0.361662
0.364322
0.365439
0.374115
0.374842
0.377310
0.379640
0.384400
0.388202
0.389237
0.394200
0.395246
0.396476
0.401415
0.403105
0.411003
0.416631
0.418879
0.420749
0.426137
0.427946
0.432643
0.435813
0.437514
0.439420
0.444781
0.447828
0.451526
0.458135
0.459788
0.461684
0.464344
0.466275
0.468273
0.474264
0.479294
0.483147
0.485980
0.488271
0.493670
0.496618
0.498450
0.505464
0.507892
0.512118
0.514792
0.515606
0.518868
0.521163
0.526545
0.529058
0.531916
0.537276
0.538927
0.545550
0.548202
0.548762
0.551343
0.554621
0.557534
0.562344
0.563032
0.566721
0.569908
0.576147
0.580023
0.581856
0.584143
0.589713
0.590852
0.596367
0.598025
0.601749
0.603355
0.608823
0.610557
0.613678
0.620876
0.625713
0.627857
0.628783
0.632147
0.632647
0.638890
0.642544
0.646910
0.647482
0.651264
0.653744
0.658484
0.663523
0.665914
0.669553
0.672360
0.673903
0.680218
0.682439
0.685500
0.688843
0.691245
0.693650
0.694461
0.698539
0.701514
0.702807
0.708330
0.710838
0.712607
0.721064
0.723718
0.727259
0.728852
0.734390
0.737168
0.739449
0.744072
0.749409
0.751756
0.753695
0.756343
0.761851
0.763664
0.768965
0.771330
0.775062
0.777889
0.781478
0.784588
0.787566
0.791668
0.794420
0.797474
0.800450
0.803428
0.805123
0.806634
0.815082
0.819735
0.822281
0.823784
0.833306
0.835599
0.838951
0.841923
0.845681
0.851133
0.852143
0.855055
0.857611
0.861577
0.864735
0.867958
0.873460
0.877857
0.878742
0.886525
0.888713
0.891616
0.895354
0.897517
0.901378
0.902321
0.907595
0.908364
0.910833
0.917132
0.918294
0.921196
0.923614
0.930037
0.932221
0.933957
0.940622
0.944898
0.945316
0.947643
0.952731
0.955309
0.960338
0.961675
0.967977
0.972446
0.978245
0.979005
0.982955
0.987562
0.990037
0.994153
1.001415
1.004034
1.007835
1.011205
1.011840
1.015407
1.016797
1.022798
1.028403
1.030176
1.034764
1.037208
1.044590
1.047180
1.050737
1.053684
1.057728
1.059796
1.065444
1.070370
1.072684
1.075754
1.079169
1.082813
1.086346
1.086753
1.095735
1.100396
1.102170
1.107727
1.110348
1.113248
1.115345
1.116097
1.124457
1.124657
1.130089
1.133998
1.138657
1.143569
1.149541
1.153368
1.155789
1.158437
1.164024
1.167937
1.171779
1.175292
1.180267
1.188368
1.189786
1.194610
1.199119
1.202391
1.203251
1.212505
1.214828
1.219524
1.221872
1.224322
1.227864
1.230667
1.236442
1.239160
1.243930
1.249630
1.253997
1.255965
1.256648
1.263000
1.269351
1.271801
1.276428
1.278909
1.282073
1.286969
1.289791
1.299707
1.302127
1.305272
1.307837
1.314476
1.316326
1.320199
1.326445
1.335038
1.339783
1.341356
1.344102
1.349842
1.350444
1.355303
1.358257
1.364458
1.372207
1.378236
1.380510
1.388646
1.390460
1.398757
1.400897
1.402323
1.406084
1.410197
1.416207
1.419127
1.423513
1.426771
1.432495
1.437231
1.439084
1.441931
1.444591
1.451080
1.453893
1.457019
1.462904
1.470459
1.471446
1.476276
1.480941
1.488984
1.494636
1.497660
1.501720
1.507990
1.510673
1.515390
1.519279
1.524130
1.525712
1.538004
1.540609
1.543074
1.550628
1.552855
1.555420
1.566068
1.570045
1.575936
1.580224
1.583263
1.589454
1.596063
1.600965
1.608307
1.611642
1.617774
1.620316
1.628309
1.637345
1.643810
1.646008
1.652482
1.659742
1.661574
1.667192
1.669193
1.675600
1.687538
1.694439
1.696379
1.698863
1.705129
1.711905
1.719197
1.732330
1.737012
1.747925
1.751613
1.758087
1.765750
1.777562
1.780566
1.790160
1.795271
1.799375
1.803790
1.811463
1.824485
1.826479
1.828022
1.836895
1.842278
1.847634
1.851619
1.861414
1.865058
1.877677
1.886011
1.891941
1.909501
1.915145
1.920922
1.946937
1.968886
1.989079
