-1.997888
-1.980633
-1.964211
-1.946651
-1.935995
-1.919700
-1.910021
-1.895164
-1.888094
-1.868652
-1.864507
-1.854525
-1.851709
-1.842154
-1.826602
-1.814837
-1.812604
-1.809078
-1.802360
-1.800486
-1.788591
-1.782073
-1.776164
-1.767160
-1.761471
-1.753524
-1.744810
-1.742689
-1.737719
-1.730775
-1.725318
-1.721011
-1.714337
-1.708871
-1.705133
-1.695213
-1.690024
-1.686590
-1.677112
-1.669418
-1.661673
-1.660615
-1.656849
-1.645981
-1.639004
-1.637470
-1.635126
-1.626189
-1.624688
-1.616864
-1.615499
-1.610745
-1.602735
-1.598133
-1.591108
-1.587960
-1.581025
-1.579768
-1.576208
-1.572259
-1.568431
-1.555023
-1.550000
-1.546824
-1.542901
-1.539389
-1.530326
-1.523136
-1.521137
-1.514302
-1.504552
-1.503348
-1.497542
-1.495947
-1.491631
-1.487983
-1.485915
-1.479983
-1.479398
-1.474488
-1.468398
-1.467312
-1.456019
-1.449783
-1.445222
-1.443125
-1.436301
-1.435826
-1.428954
-1.425875
-1.423001
-1.414259
-1.412211
-1.407122
-1.401918
-1.399293
-1.395306
-1.388044
-1.382945
-1.378695
-1.376831
-1.374385
-1.369317
-1.367201
-1.363141
-1.356732
-1.353865
-1.349366
-1.340308
-1.335324
-1.331296
-1.328957
-1.325435
-1.322370
-1.319419
-1.315815
-1.312456
-1.309930
-1.304903
-1.296621
-1.294323
-1.292040
-1.283138
-1.281141
-1.277668
-1.275326
-1.270595
-1.267929
-1.265291
-1.258407
-1.255637
-1.248482
-1.247058
-1.243664
-1.242209
-1.239777
-1.230974
-1.225432
-1.221793
-1.217779
-1.216251
-1.213860
-1.210082
-1.207668
-1.204391
-1.198891
-1.191401
-1.185931
-1.184395
-1.178361
-1.175075
-1.174264
-1.172919
-1.169338
-1.162185
-1.160602
-1.155185
-1.152465
-1.146895
-1.142976
-1.140843
-1.139510
-1.135291
-1.130846
-1.130228
-1.125502
-1.120253
-1.112731
-1.109915
-1.105279
-1.100415
-1.095033
-1.092714
-1.086906
-1.085356
-1.081963
-1.077954
-1.073395
-1.070604
-1.067744
-1.063539
-1.055432
-1.050835
-1.049658
-1.047568
-1.044909
-1.038219
-1.034329
-1.032373
-1.029862
-1.025386
-1.017988
-1.013616
-1.010817
-1.009254
-1.005358
-1.004494
-0.998150
-0.989906
-0.987367
-0.986017
-0.982503
-0.977163
-0.976604
-0.971558
-0.967571
-0.965351
-0.960481
-0.958241
-0.955710
-0.954200
-0.947581
-0.946663
-0.939188
-0.935087
-0.932956
-0.930276
-0.926704
-0.926549
-0.921675
-0.917076
-0.914931
-0.909178
-0.905851
-0.901029
-0.897975
-0.893415
-0.890634
-0.887454
-0.881741
-0.881414
-0.876330
-0.874894
-0.869682
-0.868832
-0.864211
-0.860139
-0.856164
-0.852261
-0.848584
-0.842806
-0.839137
-0.837006
-0.831386
-0.829294
-0.827012
-0.822399
-0.820922
-0.817259
-0.808910
-0.805722
-0.804796
-0.802663
-0.796097
-0.793826
-0.788269
-0.782429
-0.781242
-0.780014
-0.775660
-0.773199
-0.769178
-0.765432
-0.759348
-0.757315
-0.752499
-0.751893
-0.746071
-0.742594
-0.737614
-0.734436
-0.734314
-0.729073
-0.727571
-0.725430
-0.720819
-0.719181
-0.715918
-0.714412
-0.709793
-0.705963
-0.705756
-0.701869
-0.699401
-0.695732
-0.693975
-0.688989
-0.684190
-0.679623
-0.676339
-0.675386
-0.672130
-0.667688
-0.660095
-0.657515
-0.655432
-0.652094
-0.646610
-0.645738
-0.643008
-0.641096
-0.637575
-0.632805
-0.631033
-0.626244
-0.623370
-0.622640
-0.616437
-0.612695
-0.607680
-0.603390
-0.601607
-0.598304
-0.596358
-0.591520
-0.591062
-0.585577
-0.583516
-0.579831
-0.577695
-0.573068
-0.568393
-0.566259
-0.564605
-0.560879
-0.552371
-0.550026
-0.549071
-0.548193
-0.540043
-0.537473
-0.535897
-0.534364
-0.531780
-0.529286
-0.524857
-0.520403
-0.515966
-0.515484
-0.510715
-0.505072
-0.503504
-0.501466
-0.497159
-0.495447
-0.491829
-0.490618
-0.488712
-0.484662
-0.481805
-0.477479
-0.474860
-0.472052
-0.467195
-0.464814
-0.459911
-0.457517
-0.454436
-0.452520
-0.451115
-0.445994
-0.442012
-0.438470
-0.437612
-0.433733
-0.431536
-0.428387
-0.424279
-0.421543
-0.417260
-0.412667
-0.408921
-0.407770
-0.404027
-0.399548
-0.394027
-0.392707
-0.390522
-0.388900
-0.388372
-0.384745
-0.380935
-0.379553
-0.373922
-0.372342
-0.369267
-0.363562
-0.362292
-0.361069
-0.357266
-0.350628
-0.347754
-0.346037
-0.342649
-0.341695
-0.337286
-0.333895
-0.333142
-0.329020
-0.322904
-0.320855
-0.318608
-0.312299
-0.311986
-0.307035
-0.301898
-0.298263
-0.294622
-0.292210
-0.288491
-0.285786
-0.282875
-0.279660
-0.277858
-0.270763
-0.268881
-0.264870
-0.262863
-0.259791
-0.256313
-0.253521
-0.250493
-0.245083
-0.242436
-0.240466
-0.238612
-0.236233
-0.229380
-0.228695
-0.221925
-0.219267
-0.216470
-0.214134
-0.206926
-0.205488
-0.204449
-0.201428
-0.197909
-0.196563
-0.194215
-0.191579
-0.189148
-0.185216
-0.183253
-0.181494
-0.177069
-0.174269
-0.168823
-0.165218
-0.163903
-0.158477
-0.155642
-0.150544
-0.148660
-0.144766
-0.143696
-0.140747
-0.138066
-0.136853
-0.133844
-0.127840
-0.127341
-0.122352
-0.118348
-0.115008
-0.111311
-0.108896
-0.106642
-0.101061
-0.097333
-0.095941
-0.092689
-0.090760
-0.086612
-0.084612
-0.083534
-0.077047
-0.072739
-0.071454
-0.067085
-0.061990
-0.060948
-0.057879
-0.056465
-0.053599
-0.050027
-0.048301
-0.042817
-0.041035
-0.039219
-0.034532
-0.032052
-0.028317
-0.023131
-0.019638
-0.017369
-0.015364
-0.012261
-0.004436
-0.002872
-0.000385
0.003842
0.006556
0.008966
0.010236
0.013579
0.015716
0.018318
0.021098
0.026106
0.027248
0.030102
0.032402
0.038916
0.039776
0.044052
0.046384
0.046910
0.052458
0.057441
0.058948
0.061603
0.064709
0.068698
0.073037
0.075808
0.080655
0.081969
0.083585
0.085801
0.088768
0.091329
0.096827
0.100505
0.103507
0.108566
0.110371
0.111044
0.116548
0.119018
0.121993
0.122691
0.125933
0.133063
0.135966
0.136817
0.139721
0.145921
0.148720
0.154342
0.158268
0.161278
0.164944
0.168037
0.172248
0.174071
0.178588
0.182295
0.185665
0.185893
0.188229
0.192474
0.196125
0.199466
0.201354
0.204207
0.208809
0.212859
0.215272
0.216722
0.220944
0.222642
0.229380
0.232795
0.236747
0.237687
0.240801
0.244191
0.244752
0.252840
0.256382
0.256940
0.259596
0.263407
0.266977
0.270143
0.272851
0.276631
0.277963
0.280450
0.283970
0.286178
0.288277
0.293375
0.299116
0.300996
0.304230
0.308928
0.310879
0.313874
0.318461
0.325188
0.327467
0.329519
0.334051
0.335190
0.339687
0.341709
0.345635
0.346702
0.347749
0.352129
0.356997
0.359255
0.361419
0.363997
0.368721
0.371191
0.372597
0.374573
0.377235
0.382451
0.387003
0.388623
0.390489
0.396524
0.399044
0.404003
0.409101
0.409907
0.414970
0.419664
0.419871
0.425016
0.427236
0.428796
0.430093
0.435515
0.439923
0.441719
0.442086
0.447629
0.450632
0.453384
0.456101
0.459341
0.461438
0.467189
0.468080
0.471262
0.475687
0.476530
0.479114
0.482680
0.484942
0.490687
0.494689
0.497922
0.503344
0.506730
0.509692
0.511252
0.518051
0.524431
0.524887
0.526108
0.530444
0.535436
0.537033
0.540121
0.544507
0.545080
0.548112
0.551235
0.556554
0.557261
0.561464
0.566508
0.568713
0.571951
0.574244
0.578254
0.582816
0.585986
0.590208
0.593767
0.595380
0.599376
0.600712
0.603692
0.605313
0.611276
0.611811
0.613714
0.621245
0.627020
0.629978
0.633606
0.638139
0.639948
0.642411
0.646133
0.650072
0.651370
0.654872
0.656833
0.662046
0.667111
0.669128
0.670114
0.673581
0.675081
0.679626
0.681701
0.685451
0.692538
0.694707
0.696575
0.701023
0.702294
0.707589
0.708459
0.712300
0.717549
0.721649
0.726954
0.729548
0.733961
0.737405
0.737763
0.743215
0.744497
0.745677
0.748632
0.750747
0.755308
0.756571
0.762048
0.764697
0.766551
0.772233
0.775677
0.780565
0.784828
0.788957
0.792499
0.795375
0.798672
0.801216
0.804735
0.807846
0.809938
0.812952
0.814539
0.818242
0.823859
0.825730
0.830098
0.833132
0.835628
0.838701
0.846463
0.847949
0.852835
0.856049
0.859258
0.867730
0.868471
0.871713
0.874403
0.877176
0.880460
0.884742
0.886897
0.892946
0.894266
0.896212
0.897909
0.902659
0.908582
0.913454
0.916337
0.919854
0.923436
0.925621
0.929315
0.932469
0.936223
0.937443
0.945052
0.953106
0.955069
0.956993
0.959314
0.964040
0.969265
0.974195
0.979342
0.983452
0.987237
0.987746
0.992687
0.995950
1.000354
1.003253
1.004924
1.008827
1.013927
1.018260
1.019669
1.022405
1.027295
1.030002
1.033025
1.039037
1.041240
1.045264
1.048450
1.050171
1.052411
1.057645
1.062158
1.064502
1.068787
1.070282
1.076783
1.083575
1.084760
1.088504
1.089864
1.095152
1.099174
1.105011
1.105569
1.107953
1.115703
1.120301
1.121285
1.125367
1.127236
1.131712
1.133965
1.136598
1.142016
1.149621
1.152322
1.154474
1.158373
1.162430
1.166484
1.172052
1.174183
1.179668
1.183065
1.189758
1.193759
1.197143
1.198701
1.203929
1.205050
1.208197
1.212460
1.216238
1.216795
1.220295
1.225231
1.228384
1.236098
1.239150
1.242406
1.249763
1.251853
1.254072
1.262771
1.265495
1.269052
1.271103
1.273644
1.278606
1.280859
1.283986
1.291512
1.296041
1.301141
1.301969
1.307352
1.311200
1.319143
1.322130
1.326070
1.329468
1.331773
1.338100
1.341631
1.346602
1.350217
1.353244
1.356147
1.357980
1.364302
1.369818
1.377164
1.378573
1.388653
1.391273
1.393978
1.394979
1.403896
1.408183
1.418319
1.424325
1.426931
1.428095
1.431480
1.435685
1.439603
1.444527
1.450390
1.456491
1.458855
1.462691
1.469655
1.474379
1.475831
1.483831
1.489243
1.490103
1.493813
1.499584
1.503776
1.508321
1.512990
1.522395
1.531188
1.536087
1.538608
1.539707
1.544848
1.546570
1.556011
1.558718
1.563029
1.568183
1.572476
1.579226
1.584541
1.588956
1.591560
1.594003
1.598612
1.611719
1.617909
1.620296
1.629986
1.632730
1.640188
1.643376
1.646197
1.653580
1.660296
1.667095
1.672095
1.678212
1.686037
1.690467
1.698510
1.702324
1.704952
1.708745
1.723908
1.729081
1.738052
1.745387
1.745999
1.751785
1.765413
1.769579
1.776102
1.780856
1.787013
1.794301
1.799022
1.801507
1.804279
1.813864
1.827567
1.833752
1.841246
1.851938
1.858505
1.863027
1.878876
1.887513
1.892191
1.906187
1.907215
1.936908
1.954875
1.962065
1.991750
