-1.171099
-1.157580
-1.152519
-1.146292
-1.136417
-1.129222
-1.125877
-1.119171
-1.118095
-1.113494
-1.101776
-1.098085
-1.096782
-1.091118
-1.085707
-1.084005
-1.080727
-1.071876
-1.069167
-1.064434
-1.058685
-1.055837
-1.054740
-1.047855
-1.040962
-1.035448
-1.033056
-1.029660
-1.025309
-1.021132
-1.018505
-1.012132
-1.010722
-1.007134
-1.003776
-1.001218
-0.998081
-0.994948
-0.992195
-0.991183
-0.986482
-0.986048
-0.980487
-0.973455
-0.971819
-0.970582
-0.969466
-0.961271
-0.959261
-0.954967
-0.952710
-0.949138
-0.947409
-0.941288
-0.938095
-0.936909
-0.934673
-0.931787
-0.928604
-0.925050
-0.922627
-0.918115
-0.914448
-0.911742
-0.908121
-0.906161
-0.902500
-0.900825
-0.896948
-0.894865
-0.894244
-0.889497
-0.884066
-0.881575
-0.881072
-0.877989
-0.876638
-0.873125
-0.870559
-0.869172
-0.865033
-0.862853
-0.860595
-0.855798
-0.852637
-0.851642
-0.848487
-0.847065
-0.845125
-0.844527
-0.841746
-0.838905
-0.834734
-0.831387
-0.830648
-0.826360
-0.825111
-0.822727
-0.819968
-0.815070
-0.813391
-0.808086
-0.807695
-0.804751
-0.802443
-0.800885
-0.799473
-0.796323
-0.793389
-0.788102
-0.787012
-0.784805
-0.783813
-0.780745
-0.779841
-0.776390
-0.775756
-0.770674
-0.768045
-0.766415
-0.763786
-0.763040
-0.757937
-0.755719
-0.753581
-0.751042
-0.750047
-0.747113
-0.745452
-0.743817
-0.740091
-0.737756
-0.737385
-0.732895
-0.729817
-0.729650
-0.727007
-0.725412
-0.723015
-0.719066
-0.717854
-0.714175
-0.711515
-0.708078
-0.706921
-0.701751
-0.699839
-0.698526
-0.696660
-0.695726
-0.692456
-0.689489
-0.687904
-0.684150
-0.681173
-0.678096
-0.676204
-0.674109
-0.671842
-0.668310
-0.667328
-0.665826
-0.662393
-0.661176
-0.659270
-0.657588
-0.653737
-0.652873
-0.650560
-0.649273
-0.647732
-0.646768
-0.646091
-0.642780
-0.637980
-0.635999
-0.633812
-0.632039
-0.629995
-0.629773
-0.625784
-0.623687
-0.622405
-0.619596
-0.618154
-0.615668
-0.612119
-0.606353
-0.605753
-0.603944
-0.602751
-0.598948
-0.597833
-0.596212
-0.594708
-0.593106
-0.591645
-0.589600
-0.586258
-0.585942
-0.584778
-0.581303
-0.579968
-0.578171
-0.576678
-0.573070
-0.571258
-0.569104
-0.567356
-0.564880
-0.563255
-0.562013
-0.560376
-0.557642
-0.554873
-0.553472
-0.551165
-0.548338
-0.546814
-0.543930
-0.540196
-0.539175
-0.536803
-0.535268
-0.534304
-0.533908
-0.531531
-0.530015
-0.527635
-0.525872
-0.524939
-0.522381
-0.518341
-0.517214
-0.516447
-0.513181
-0.512841
-0.509471
-0.507826
-0.506684
-0.504576
-0.499894
-0.498796
-0.497937
-0.495207
-0.494539
-0.490430
-0.488478
-0.487964
-0.487384
-0.485154
-0.483091
-0.477033
-0.476097
-0.473820
-0.472283
-0.469357
-0.468421
-0.465257
-0.462769
-0.462587
-0.460619
-0.458894
-0.455790
-0.454143
-0.451147
-0.449468
-0.448424
-0.445749
-0.444049
-0.442403
-0.439347
-0.438222
-0.437419
-0.434431
-0.433135
-0.431989
-0.429010
-0.427161
-0.425335
-0.423564
-0.422594
-0.421442
-0.419918
-0.416682
-0.413555
-0.411609
-0.410088
-0.409607
-0.408392
-0.406326
-0.403475
-0.398843
-0.398463
-0.394174
-0.392286
-0.389776
-0.387704
-0.385844
-0.385597
-0.381487
-0.380775
-0.379341
-0.376922
-0.374942
-0.374313
-0.373278
-0.372196
-0.365960
-0.365670
-0.363917
-0.362928
-0.360626
-0.359531
-0.355356
-0.354328
-0.353334
-0.352196
-0.347442
-0.345220
-0.342330
-0.340920
-0.339573
-0.339476
-0.336463
-0.335516
-0.334555
-0.333241
-0.328905
-0.326174
-0.325389
-0.324656
-0.322034
-0.320305
-0.317455
-0.315670
-0.314158
-0.312348
-0.309139
-0.308972
-0.306358
-0.304498
-0.301961
-0.301812
-0.299029
-0.296153
-0.294023
-0.292176
-0.291562
-0.289669
-0.286453
-0.284749
-0.283834
-0.283324
-0.280766
-0.279567
-0.276961
-0.275315
-0.274066
-0.272220
-0.271682
-0.266580
-0.265196
-0.263984
-0.261063
-0.259112
-0.256405
-0.256128
-0.253373
-0.252541
-0.250064
-0.249033
-0.245908
-0.244765
-0.241623
-0.240656
-0.239043
-0.238410
-0.237294
-0.234421
-0.233011
-0.229701
-0.229195
-0.227315
-0.225232
-0.223947
-0.221647
-0.221144
-0.217482
-0.216937
-0.213881
-0.212829
-0.211523
-0.207062
-0.205842
-0.203534
-0.199052
-0.198165
-0.198009
-0.196574
-0.195018
-0.191476
-0.190499
-0.187578
-0.186048
-0.183213
-0.182293
-0.181526
-0.178400
-0.177671
-0.174738
-0.174514
-0.171050
-0.170379
-0.168014
-0.165463
-0.163257
-0.163035
-0.162059
-0.160812
-0.156894
-0.154734
-0.153133
-0.150164
-0.149283
-0.148478
-0.146384
-0.144524
-0.142598
-0.141874
-0.141451
-0.139032
-0.136674
-0.134858
-0.133693
-0.130378
-0.128276
-0.126034
-0.123448
-0.122545
-0.120499
-0.119296
-0.117009
-0.114374
-0.112743
-0.110820
-0.109348
-0.108874
-0.105806
-0.103235
-0.099069
-0.098189
-0.097154
-0.096605
-0.095625
-0.091466
-0.090764
-0.088776
-0.086862
-0.084530
-0.083748
-0.081695
-0.079070
-0.076636
-0.075652
-0.072864
-0.070902
-0.070138
-0.067530
-0.067053
-0.061656
-0.061328
-0.058723
-0.057171
-0.056721
-0.055607
-0.053562
-0.053360
-0.050413
-0.047960
-0.044902
-0.043759
-0.042787
-0.042391
-0.039673
-0.037025
-0.035743
-0.034357
-0.032061
-0.031025
-0.028062
-0.027293
-0.025834
-0.024686
-0.024347
-0.022333
-0.017300
-0.016049
-0.014444
-0.011088
-0.009378
-0.008357
-0.006942
-0.005512
-0.004292
-0.002768
-0.001075
0.002808
0.003851
0.006992
0.008216
0.009300
0.013160
0.013866
0.015400
0.016688
0.017955
0.019369
0.021145
0.023478
0.026045
0.027871
0.030972
0.033129
0.035365
0.036272
0.037829
0.040599
0.042271
0.045272
0.048108
0.049128
0.050394
0.052983
0.055011
0.056865
0.057731
0.060221
0.061864
0.062671
0.063563
0.067059
0.067831
0.070318
0.071293
0.073940
0.074772
0.075810
0.077427
0.078780
0.081498
0.082940
0.087707
0.088640
0.090745
0.093176
0.096081
0.097251
0.098174
0.099501
0.101925
0.104101
0.105812
0.108249
0.109739
0.110493
0.111717
0.115036
0.115539
0.117692
0.119024
0.119458
0.123160
0.124144
0.125489
0.128310
0.131412
0.132372
0.134700
0.136274
0.138972
0.141220
0.141844
0.144102
0.145938
0.146871
0.149712
0.150697
0.152463
0.153339
0.157132
0.158606
0.160997
0.162818
0.163736
0.165356
0.167370
0.170158
0.171423
0.172771
0.173893
0.177265
0.180133
0.180620
0.181558
0.183017
0.183818
0.185866
0.188903
0.189626
0.192179
0.195298
0.197478
0.198476
0.201888
0.203032
0.203691
0.205945
0.207347
0.211098
0.211562
0.212862
0.214072
0.215615
0.217403
0.218895
0.220656
0.221719
0.225305
0.226862
0.227644
0.229922
0.232956
0.233526
0.233689
0.239562
0.241688
0.243070
0.244711
0.246899
0.248342
0.250393
0.253229
0.254341
0.255178
0.257406
0.259820
0.261568
0.263233
0.264052
0.267474
0.268310
0.272237
0.275214
0.277418
0.280382
0.281168
0.283308
0.285224
0.287075
0.288325
0.289867
0.291456
0.294296
0.295651
0.297299
0.299353
0.299999
0.303391
0.306452
0.307096
0.308854
0.310039
0.312143
0.314188
0.315394
0.316610
0.319239
0.320593
0.323846
0.324689
0.326091
0.327152
0.329378
0.331182
0.333879
0.335009
0.336562
0.339031
0.342425
0.344678
0.346838
0.348422
0.350067
0.352109
0.354347
0.355197
0.355840
0.357330
0.361164
0.362103
0.365317
0.366916
0.368014
0.370811
0.371620
0.374541
0.379358
0.379689
0.381393
0.384137
0.385565
0.387246
0.388575
0.391378
0.393381
0.394391
0.395969
0.398514
0.400498
0.402482
0.403158
0.405445
0.408815
0.410877
0.412051
0.414702
0.417143
0.418617
0.420243
0.422620
0.426080
0.427606
0.429419
0.431123
0.434726
0.435070
0.436895
0.438338
0.442667
0.444609
0.446433
0.450065
0.451116
0.454397
0.455370
0.455816
0.456406
0.461044
0.464274
0.464843
0.467985
0.468267
0.469674
0.471364
0.473099
0.477439
0.479044
0.481015
0.482519
0.483537
0.486536
0.489044
0.489316
0.490808
0.491473
0.495845
0.497175
0.497999
0.500274
0.501740
0.504197
0.507829
0.509267
0.511560
0.513724
0.514710
0.517288
0.519510
0.521428
0.523116
0.524750
0.526456
0.530361
0.530850
0.533269
0.534136
0.535471
0.539350
0.540732
0.543723
0.548335
0.550312
0.551309
0.553578
0.555644
0.557095
0.559788
0.559909
0.563302
0.564650
0.567960
0.568820
0.570894
0.574033
0.574397
0.577412
0.580111
0.580693
0.583341
0.584891
0.587734
0.590826
0.594962
0.596816
0.598953
0.601319
0.602642
0.605013
0.607105
0.608438
0.610122
0.615151
0.616572
0.618862
0.621634
0.622902
0.623310
0.626725
0.629018
0.632004
0.633171
0.634555
0.637112
0.638083
0.640748
0.641005
0.644253
0.646810
0.648344
0.649147
0.656378
0.658148
0.660672
0.663003
0.663977
0.664711
0.666441
0.669108
0.670765
0.674228
0.677904
0.680081
0.680787
0.686456
0.686600
0.687307
0.693420
0.693996
0.698817
0.701273
0.701515
0.704371
0.705790
0.708166
0.708713
0.712475
0.718033
0.719549
0.722843
0.724236
0.725816
0.727356
0.727452
0.731276
0.734448
0.737005
0.739417
0.741734
0.743692
0.746738
0.748317
0.751533
0.754453
0.754971
0.755632
0.761048
0.764934
0.765768
0.768391
0.769902
0.770691
0.774865
0.776309
0.780273
0.783489
0.784341
0.787672
0.791402
0.792390
0.794045
0.798076
0.800427
0.802055
0.806713
0.807231
0.810778
0.814193
0.816289
0.820943
0.822311
0.825027
0.827978
0.829036
0.831817
0.833418
0.837948
0.839104
0.841312
0.844161
0.846189
0.848416
0.851425
0.852903
0.854371
0.857491
0.861400
0.865534
0.871139
0.872798
0.874180
0.876529
0.878676
0.880632
0.885421
0.886708
0.890504
0.893866
0.895308
0.899908
0.900801
0.904971
0.905832
0.907903
0.914758
0.916551
0.916896
0.923522
0.925508
0.928301
0.929489
0.936973
0.941050
0.943378
0.948093
0.952499
0.956067
0.962035
0.965552
0.967766
0.969482
0.969997
0.974836
0.977294
0.981991
0.985896
0.990866
0.990966
0.997478
0.998011
0.999683
1.005705
1.008197
1.014670
1.018008
1.020323
1.022780
1.026026
1.028957
1.034217
1.043143
1.047079
1.055102
1.056442
1.063583
1.068287
1.069114
1.079557
1.082721
1.086590
1.096595
1.101374
1.103376
1.109026
1.114717
1.122181
1.130771
1.131571
1.141509
12.645590
