-1.981227
-1.967109
-1.953382
-1.938277
-1.924572
-1.920776
-1.893972
-1.890137
-1.884961
-1.878236
-1.871929
-1.860828
-1.855799
-1.836280
-1.835409
-1.829223
-1.820804
-1.813988
-1.802679
-1.794169
-1.787727
-1.781555
-1.772484
-1.762161
-1.760985
-1.755547
-1.754115
-1.742198
-1.738459
-1.731300
-1.719605
-1.710638
-1.707835
-1.701303
-1.698902
-1.692497
-1.685158
-1.680769
-1.674425
-1.666144
-1.661716
-1.658473
-1.653860
-1.650026
-1.646192
-1.638687
-1.634810
-1.626549
-1.623636
-1.618350
-1.615171
-1.605551
-1.599995
-1.597701
-1.593607
-1.584011
-1.579447
-1.569738
-1.564564
-1.559821
-1.556197
-1.551885
-1.546893
-1.543356
-1.538084
-1.536934
-1.527757
-1.521331
-1.518054
-1.514266
-1.507614
-1.506122
-1.501972
-1.499741
-1.491420
-1.483879
-1.480400
-1.479364
-1.473867
-1.467683
-1.458403
-1.454512
-1.451981
-1.443412
-1.441146
-1.438228
-1.428908
-1.426193
-1.422281
-1.421534
-1.413840
-1.411794
-1.410346
-1.401468
-1.395635
-1.391925
-1.390126
-1.387993
-1.383207
-1.378717
-1.376591
-1.372456
-1.367062
-1.365116
-1.362074
-1.351733
-1.345362
-1.343734
-1.341362
-1.334512
-1.330544
-1.328203
-1.325637
-1.316585
-1.312121
-1.308511
-1.308112
-1.305507
-1.295227
-1.294214
-1.291748
-1.284411
-1.281955
-1.273541
-1.270971
-1.266163
-1.258346
-1.257828
-1.251634
-1.246559
-1.243090
-1.242053
-1.239984
-1.233983
-1.230138
-1.226969
-1.222838
-1.219851
-1.217969
-1.211822
-1.208959
-1.202844
-1.200625
-1.195666
-1.187377
-1.185550
-1.179476
-1.174480
-1.171354
-1.168766
-1.165142
-1.162757
-1.160842
-1.157742
-1.153215
-1.147880
-1.142684
-1.141298
-1.135188
-1.132815
-1.130739
-1.127021
-1.124522
-1.122630
-1.112991
-1.112123
-1.105015
-1.101924
-1.100227
-1.096600
-1.094728
-1.089730
-1.084247
-1.078237
-1.075997
-1.072978
-1.070675
-1.066427
-1.064813
-1.064246
-1.056557
-1.053337
-1.049919
-1.043657
-1.038824
-1.037176
-1.033379
-1.028870
-1.026242
-1.022595
-1.017783
-1.014111
-1.007965
-1.005175
-1.001756
-0.999147
-0.998275
-0.992602
-0.989918
-0.988951
-0.982353
-0.977558
-0.973766
-0.967511
-0.965071
-0.964680
-0.960937
-0.959611
-0.956682
-0.955148
-0.950631
-0.946928
-0.943510
-0.936096
-0.934274
-0.929945
-0.926493
-0.925198
-0.921208
-0.914004
-0.913347
-0.908331
-0.906305
-0.903397
-0.895606
-0.894920
-0.893081
-0.884113
-0.881015
-0.879427
-0.876141
-0.874864
-0.868475
-0.866925
-0.864980
-0.862871
-0.857706
-0.856606
-0.853644
-0.850092
-0.842706
-0.839276
-0.837164
-0.835093
-0.834011
-0.828044
-0.823884
-0.821925
-0.816618
-0.814446
-0.808561
-0.804098
-0.802701
-0.799893
-0.794634
-0.791035
-0.788467
-0.783323
-0.782948
-0.779793
-0.774017
-0.768297
-0.768246
-0.765503
-0.763144
-0.758440
-0.753975
-0.748159
-0.745079
-0.743449
-0.737340
-0.731693
-0.729209
-0.727316
-0.726074
-0.716861
-0.716518
-0.714997
-0.712346
-0.706280
-0.702877
-0.701620
-0.699779
-0.696602
-0.694980
-0.689612
-0.684500
-0.680897
-0.675229
-0.673942
-0.670039
-0.667821
-0.661745
-0.658232
-0.655539
-0.651490
-0.647574
-0.646136
-0.641695
-0.637849
-0.636774
-0.633401
-0.627797
-0.625726
-0.621725
-0.617699
-0.614350
-0.610763
-0.606676
-0.604858
-0.601367
-0.596480
-0.595419
-0.589628
-0.588112
-0.584048
-0.578935
-0.574719
-0.572707
-0.570383
-0.568703
-0.563696
-0.558218
-0.555944
-0.555202
-0.551471
-0.549642
-0.544051
-0.541613
-0.538705
-0.536066
-0.534068
-0.530921
-0.521671
-0.518152
-0.515632
-0.513148
-0.509517
-0.508700
-0.505286
-0.503737
-0.500305
-0.493203
-0.491169
-0.488983
-0.487440
-0.485833
-0.480311
-0.477487
-0.474687
-0.473224
-0.468366
-0.467092
-0.465419
-0.461094
-0.459203
-0.456243
-0.453003
-0.448725
-0.447040
-0.439930
-0.436432
-0.434601
-0.431745
-0.429596
-0.426052
-0.419821
-0.419028
-0.416930
-0.407230
-0.406764
-0.401976
-0.399834
-0.393741
-0.390623
-0.385260
-0.383711
-0.382966
-0.380410
-0.375443
-0.371762
-0.370098
-0.365198
-0.363174
-0.361713
-0.359085
-0.353907
-0.353283
-0.351216
-0.348671
-0.346228
-0.340283
-0.336671
-0.335530
-0.333398
-0.328182
-0.323732
-0.321200
-0.316959
-0.315767
-0.312493
-0.310276
-0.307275
-0.302842
-0.300139
-0.296208
-0.294374
-0.291051
-0.285457
-0.283343
-0.279005
-0.275103
-0.273554
-0.271492
-0.268888
-0.266715
-0.261314
-0.260763
-0.257344
-0.252321
-0.251952
-0.249239
-0.246595
-0.241251
-0.237768
-0.232166
-0.231278
-0.227872
-0.221534
-0.219146
-0.216362
-0.214243
-0.212837
-0.209887
-0.209345
-0.200747
-0.197547
-0.195685
-0.191432
-0.189232
-0.184778
-0.182748
-0.176151
-0.175608
-0.174167
-0.173165
-0.171713
-0.168573
-0.165716
-0.160893
-0.155695
-0.149523
-0.144650
-0.144029
-0.143409
-0.139886
-0.137689
-0.132593
-0.130001
-0.125962
-0.124807
-0.121072
-0.116364
-0.111218
-0.110248
-0.108351
-0.104643
-0.104009
-0.101817
-0.093598
-0.092328
-0.089042
-0.086489
-0.079448
-0.078545
-0.075303
-0.071675
-0.070206
-0.069510
-0.067717
-0.059241
-0.055516
-0.054175
-0.051170
-0.048870
-0.043726
-0.041286
-0.040468
-0.037326
-0.033258
-0.031224
-0.028615
-0.023709
-0.020532
-0.018012
-0.015616
-0.013323
-0.012064
-0.007659
-0.004086
-0.001620
0.002512
0.005857
0.009581
0.011324
0.016757
0.020880
0.027472
0.028246
0.031605
0.033374
0.037093
0.037732
0.039603
0.043111
0.047044
0.048718
0.049877
0.052981
0.061659
0.062637
0.067257
0.069540
0.071605
0.076396
0.078054
0.081737
0.084297
0.087996
0.089122
0.094820
0.097250
0.098674
0.103003
0.105712
0.109359
0.114619
0.117594
0.120721
0.123786
0.125650
0.129500
0.134561
0.138579
0.140408
0.146157
0.147159
0.150409
0.153650
0.157096
0.160409
0.165076
0.166625
0.171972
0.173232
0.178583
0.180183
0.183761
0.185900
0.186664
0.191046
0.194692
0.200406
0.200533
0.206415
0.207312
0.213093
0.215315
0.218460
0.220948
0.225016
0.227531
0.228841
0.236658
0.238069
0.242447
0.245056
0.248380
0.250008
0.251897
0.255362
0.257347
0.258003
0.261757
0.268193
0.272318
0.275059
0.279372
0.279702
0.284918
0.288599
0.291005
0.295133
0.297255
0.300379
0.304883
0.307531
0.309471
0.316572
0.318763
0.322195
0.325560
0.330895
0.332819
0.335972
0.338925
0.340225
0.342126
0.345792
0.349819
0.352729
0.357026
0.359129
0.362481
0.368753
0.369479
0.370335
0.375218
0.379931
0.383584
0.385223
0.390532
0.391777
0.395220
0.399136
0.401461
0.408264
0.410771
0.412425
0.416361
0.418892
0.420101
0.420639
0.423111
0.426419
0.428955
0.435350
0.438647
0.440825
0.441598
0.445403
0.446631
0.454667
0.457408
0.460456
0.463222
0.467183
0.470468
0.474446
0.476193
0.478675
0.481960
0.487997
0.491005
0.494098
0.496970
0.498477
0.505139
0.510306
0.511781
0.514314
0.514438
0.517191
0.522673
0.524905
0.526643
0.530388
0.536737
0.537486
0.541137
0.543664
0.548738
0.550665
0.550907
0.562014
0.563220
0.566480
0.570559
0.573158
0.574596
0.578202
0.581887
0.585811
0.589526
0.590065
0.593218
0.595876
0.597768
0.601633
0.608966
0.611866
0.613553
0.615307
0.620194
0.621447
0.625871
0.627776
0.633933
0.636820
0.638845
0.642645
0.645211
0.646488
0.654716
0.655886
0.656840
0.660341
0.663896
0.666344
0.671856
0.675205
0.680184
0.683263
0.685385
0.692251
0.693061
0.695816
0.700835
0.703646
0.706868
0.710047
0.711452
0.713115
0.715501
0.721692
0.724212
0.730492
0.732149
0.733965
0.735465
0.745162
0.746777
0.748438
0.751266
0.754704
0.761117
0.763524
0.764732
0.770420
0.774452
0.775750
0.782006
0.783809
0.786523
0.788257
0.790747
0.797828
0.799231
0.800327
0.806417
0.806846
0.812809
0.818363
0.822690
0.826058
0.826712
0.831445
0.838747
0.840959
0.844889
0.847555
0.850065
0.853350
0.857349
0.864645
0.865212
0.867885
0.870499
0.877439
0.880634
0.882605
0.885811
0.888669
0.890499
0.896326
0.898208
0.904323
0.905815
0.911191
0.914447
0.916453
0.924125
0.926594
0.930002
0.931365
0.937991
0.942224
0.947960
0.948837
0.953455
0.954877
0.956830
0.964983
0.966142
0.968454
0.969732
0.972642
0.980264
0.982353
0.987709
0.989689
0.991781
0.998884
0.999013
1.000916
1.005555
1.015598
1.016430
1.020428
1.023993
1.025873
1.033675
1.036918
1.039749
1.042152
1.043243
1.048541
1.052937
1.057668
1.059478
1.071576
1.073608
1.075912
1.079457
1.080574
1.084461
1.087581
1.093375
1.097795
1.098472
1.103546
1.109821
1.113436
1.116157
1.119148
1.119766
1.121565
1.128943
1.129619
1.133851
1.139416
1.144803
1.145903
1.153015
1.155573
1.157894
1.160196
1.165447
1.167062
1.171173
1.177159
1.178883
1.181145
1.184744
1.191642
1.197436
1.198313
1.200284
1.202854
1.207722
1.213095
1.215361
1.223031
1.229912
1.234751
1.236809
1.237759
1.241662
1.244532
1.249135
1.252612
1.256537
1.263250
1.267253
1.271317
1.273004
1.278627
1.283227
1.285189
1.289573
1.290099
1.294886
1.301334
1.303011
1.307033
1.310856
1.316870
1.323387
1.327052
1.331702
1.334074
1.341872
1.343294
1.346251
1.350685
1.355607
1.359507
1.368197
1.371649
1.372267
1.375711
1.380802
1.385412
1.387838
1.390593
1.393338
1.394516
1.410037
1.412484
1.418491
1.423025
1.428179
1.430745
1.440089
1.444848
1.451619
1.453336
1.454721
1.457224
1.464733
1.471453
1.472373
1.476848
1.482990
1.486978
1.490936
1.495684
1.501610
1.502711
1.507991
1.514226
1.520717
1.524199
1.527006
1.531610
1.539908
1.544979
1.550973
1.554940
1.562268
1.562911
1.569021
1.573773
1.582427
1.586479
1.592556
1.596341
1.604712
1.608979
1.614403
1.616636
1.619008
1.627012
1.634480
1.640590
1.646188
1.650547
1.651367
1.658776
1.667595
1.671010
1.681811
1.687080
1.697537
1.699718
1.701680
1.708982
1.710562
1.715208
1.724400
1.727196
1.735803
1.738355
1.748542
1.750570
1.759395
1.765234
1.773583
1.775660
1.778574
1.789697
1.796277
1.803168
1.817935
1.819401
1.827852
1.837513
1.847168
1.853987
1.862078
1.869173
1.879029
1.893704
1.903894
1.908184
1.926047
1.931811
1.952896
1.966049
1.999697
