-1.317877887815573102763922987007128862498743694224518521175199184765485137259365301727331014386902027
-1.639283233634780120288080871208341787578300010571139258176739992112262905434357928787876550604375929
-1.756844533188900495020164861016426091024564052705458261243369571543971190355379866838302603782439689
-1.817833895010975323952366751459435293989416898157779136578363767522778350810867356400733313441286493
-1.855589244450084678957958470144844616414262568162707031889600638964976213627823582015555397333766092
-1.881511915673590786403626256943175250689241862244322453336856292878151245221633206274884741961232000
-1.900519541938892904757001823333606777438907605885036681178683267761435393392797146038540046745825147
-1.915087860800812332100239452703295137258513188375825646139105251737627139003236418454962108492589031
-1.926613303187351430718666239758381028496019213776189734696535615104338922257770879683019713917362742
-1.935952920132665130316834948876742341163998160501535247834695299257972875928341465170758725563067456
-1.943666302729743095315130287888681282625172268956308172595740283924234889082782235953858992113754221
-1.950135801754027155124665756045288915535767853680713907533950111095757403289846963248811315373746718
-1.955631780592527757973370813094539007822579913990728814408150365296971474099760044234351094538204075
-1.960350694080532757498919721628043296526667330295266635740197137824996397356036621086216398968584607
-1.964438604328456180516756588412978993765938368891140354652167453053904591995694192528330273024643447
-1.968006335175342709139336401447224782720356809638184858123531598614299050673278439776434486955914033
-1.971139551523728305277601460067932947238978219025898759871109764923274276818339911945313857267358861
-1.973905624212879302182571644066521769337404204588154296794608228101061149236682215976821380510758529
-1.976358393697880310257229123499612149626787409609957865672761778453611250480613029229396547803645856
-1.978541528051409728869237088193652377571895992132345970239159822926379531515978292794475272247450623
-1.980490924064143251658132912413065421943524355349774292195392164755722756136052749616733725145854412
-1.982236447880930160129075222997550548778273307042034946101283319819793172083656544668969348784197350
-1.983803214347112081178638621537400321092356935052463830505736704896657295418939257221676980297498311
-1.985212540610479871511115490114865145081567641958652919763451385640057419674247615062085574341035148
-1.986482667170885973360402188327295373810097527963598084267004128094212502194280626823032637754514890
-1.987629311024237986471339010381461940522060448171396808076725460518400714498658219166124316209199738
-1.988666096128024185761103877247386674311283670923350842670842325883677982505779484108229469352214277
-1.989604893103786337941754350899342823529180327803050821859281285968353949144146311008247455554123485
-1.990456090905207506987857567460292857293889534836037379424725256461316685929283152500670745124047924
-1.991228816798582982724376708403214032228371775174875315809083760477996086823847108589264450910036045
-1.991931116538467297617272520130232188760281675411290475986402816067131881414789665973989646129994756
-1.992570103475568896801640528864478442899782695040983040606672903196156627936853655116215020528024995
-1.993152083099041099149319690087589384886022113486437185982128549944964602199977316768679826724360049
-1.993682657913174374614890900929264142568578238291597014261319329116178370908171768632481311924305227
-1.994166816388677373159684997342102217087749792371328667272659266836074833265165515801295281134796869
-1.994609008880225355168836294617943291913181831037105680186383931586243639642952762092034186397465913
-1.995013212774205296590669583859802020766892103518904486713981026212068354627309376341438169614404387
-1.995382988660694758981729267703913055211594786370326290642050711311855002155910905125045434165373232
-1.995721528967727416623577874170390039550905323395209637503982548417771191504960999803593466094490125
-1.996031700222919067857133487633884621577321057365347185784711290842241390722351317537954624410404957
-1.996316079895663309353507135596807573540583529324195201809442445413689758068263410938418227542587756
-1.996576988606726407854962151741127775411759846145426511593348937577671683424663134385799877225756770
-1.996816518359941009391058904937013468004181343523658307714709434190180267269420461733231689325283850
-1.997036557344632957359228815238481722086816704985168109025938797791135373222820922200848869162017135
-1.997238811771431896917191302545132729624670860508837838357221030688134120616693631558298272133569992
-1.997424825133774337979402517649965060696464800766819297411701131719397778121652505694948838991668834
-1.997595995229379175000415285682792142490986713144325851678510272218897708996954021847230377522013242
-1.997753589227749453875806333648191597298229832886842082330166235761351316129734276635326288538637202
-1.997898757029408335900446321098111172716036374410054213520232232612786169793513298160313579627153657
-1.998032543128620830459560614733756388145315169211419680780412091607851641571416565145345324324545971
-1.998155897162626590828338679224761114536913426481375794779569155112332674925640274232938413755443516
-1.998269683305995133572928320782518856387876227875863855048684986533100553650913431282897969044077897
-1.998374688647882275599054213950848989717292464359719184805665185675777165159198114108016617216539718
-1.998471630672124881049189669319776048050320982136607137435249041091879983886640392967753789325063315
-1.998561163944784947703654611794919913579770346895790080187178634620114076580622108332833687036658955
-1.998643886100550572399995766680978854619883031012167390163759433904573259126247039052376780954661621
-1.998720343207998659386152049980780069566938177011659205831953899594636141640302895005917430815400142
-1.998791034583854493972931397817658841233459901554173734307494206385229025155896667973700538687362033
-1.998856417117824536577865230925734259657738659067121733153577086285213366465580815293783033436927107
-1.998916909162139659341538453532091526478783672050116127403813721383458860844015449579833701087091299
-1.998972894033474339449210957157826965534185557781988407583496613443586541408981710753441272897299628
-1.999024723169262932288095151842380309121922195250575256187407718251899928437492303090233667187498571
-1.999072718975507758444589561999682284256062939694913977491770457817688778121044636251402096789335978
-1.999117177398865992221255861255417807925556539773964196551155172538311408828845468714363416232056499
-1.999158370252031740755995262444315459479366245923247190318028441342738993460611197109183610579767418
-1.999196547318123278275463359666107584299245583046287836212648420620842619589260479762469719461393498
-1.999231938256884053005064996352552534950644404156997086820382831680193042599654794512092079134060397
-1.999264754332956918199981446332901807226460233495684077739149204589328508065374192820468753438324340
-1.999295189984245969365583569958032136761306852400020143733229292606212531367850397903150816977377447
-1.999323424246405300170845005136066335813112651240052788450401471352099236776396298021306555674437477
-1.999349622047750243303544053138580864413910737637980888372580273826985466778959839964086178986781471
-1.999373935387347249653806949250300957687980210637116118273118126552041419390505533312534023796690480
-1.999396504407678563476148203688381860766628720749086064686793750712403907353322377266866096218689600
-1.999417458372073000514441999236270899151836473994773851916069435277837119790315581050590859294104776
-1.999436916556027418463615940276414831865011673723929913729587508996995084574609574849605988756744492
-1.999454989060596948441845967370112912236254482281973568705836046639127686235179055278135296046528954
-1.999471777555191537851407856903677234215751509729067375568992966633759962301026939361736171643782854
-1.999487375956369045773579441729219572568857484658777809199299243194393305470609448773561014027958162
-1.999501871048550028770084258255898812119924876728104795804531727495892416279006056707688306160220602
-1.999515343051987005797900317802782648898104616538306069250560861220019139171956916738532088850072433
-1.999527866142791930731495774471855736746831770848951989732102274098852182018775879421651909373201199
-1.999539508929354087548161058490371706203734073890646308476711907971549053564025312078404863101843169
-1.999550334889058439391619967580857146020130980424329971733271648374496778862067560245238487850993523
-1.999560402768836962678183795490097076183234029636173814029860836970578537177037129972323405697756091
-1.999569766952747325262259386373018768634949093094577859647495129821932644137155967257580642380755991
-1.999578477799470042427637017881866444691644210771181466068802862717115692828002719520315564749990905
-1.999586581952342880487661063229106995721899710919737183649012342614989425459815896242573413575454889
-1.999594122624306958052708797295639822782052561025044825880934269706650003464501617968948883103485490
-1.999601139859918800115671332601458346566199678863115048371180680668848536202926093253678291546027114
-1.999607670776384703075649440420644399322177713960808129916894152443490982358017109663936443158670804
-1.999613749785395279938060679297914396897402682232599264176311663603058798552794717198287315469316255
-1.999619408797377235017937639884513189129902565648896083433192028414963748301431254804326195813327970
-1.999624677409633940069919824150165058002478847043515057834387395571870760290269561980642930019307755
-1.999629583079715336572896119313583564787691452438600314437327013234386396165223823974779388119380648
-1.999634151285238844618418012493169998005624560740923332547143289094219519272246424050263317445500684
-1.999638405671275580557641054747863297899303760387071117394807803385605815622821481276302490423930102
-1.999642368186318858776537799341249114575676679842064498468026352722045728739081817077835895882510951
-1.999646059207763717927978403025890165122236666061129339001054970705675810900402849196389368533897833
-1.999649497657746179175716833703728119051676507230509554903667657044816127081136363380500165149161507
-1.999652701110118263251904891860670753185636123975726222165803886724033971994242714301396264992478116
-1.999655685889268744706064245146822600563336328986146012815044951612681250755845465566906924579319370
-1.999658467161439596710819468449530105458417485826935480101678706795368530488120468176106797359872418
-1.999661059019133373346163161722295270078562128804109852164532543338372611883458589870987634007300465
-1.999663474559157136347047455748498979499452022999339315822325737217204444631611564842993441606403296
-1.999665725954803043277976962420168935423927713328459901059912817450279331216067056359409525317064900
-1.999667824522624498880532200341544098045226082502641475519850944862376243566049653870210036236590585
-1.999669780784228984065700894962635997455710893069665928327602034359800068383862738402222757564639149
-1.999671604523474265641010774902045593392760069612520341084146551413072285787086745386477003322068406
-1.999673304839423229791958571953965457524903266861444034490174421139622362591734097016155139655597220
-1.999674890195383827513251580117238850050742567025564910060860908951791436879526809720301863362663981
-1.999676368464334328348204616157609953128828252680742549730184990462853622371692938354155296147260682
-1.999677746971010016526809920255220231588746980427328139633508482221939012472448700058438490210162530
-1.999679032530905431857314854693852148485672506603200806330253019772923577140608701175323860493724752
-1.999680231486426081554313453917676234147047972034425908245145005826231509308189526841265518765097130
-1.999681349740405047789193648788492895623819638544713423914820539633519885113319080365405213138367745
-1.999682392787182975162272274192086121204407754494853487704619369374341688059446333395172732114286629
-1.999683365741434338497723910594714920187097886760430225928434283702175513998551804778986240771874310
-1.999684273364908630465437388693479009437424816873695600948900848288357320005771273335747555866631821
-1.999685120091242003446169653564548758613652347769519348826724082104180509013100986742602575559158875
-1.999685910048982836627297572962618726727669965737283589843906645387586117073674318821670503548865626
-1.999686647082963646526387152243689244664504309342416314374547640029943606346776177154553196028373326
-1.999687334774141576147891970963573799114952041212500835089679057784276227290627451711497014590559986
-1.999687976458020340075168353480812580480105009865031070923931691904610242955537486656382715175877481
-1.999688575241757890351424940300513705000493933029117545188490448557076799534498785630446190118439288
-1.999689134020056139836202412114831769396626452244758861744694529057886039259390836443319295247059408
-1.999689655489921781405199989652299949235846250601244932721387804628223469438365481892421875363630651
-1.999690142164380514060116794178908566919689400858940648798557837792728865904019303428272839074418451
-1.999690596385220799265832143614105211290560501017408448435947981786762933946929503135416952323680366
-1.999691020334837545421303374942918753354574792140704388859929754725366460371568841143244294723685892
-1.999691416047240865651706627037213780309368013096144178103493654649961997434870476805489651614905120
-1.999691785418290190398420658971012677655437112319107718344656963930290291453651896522182239382361531
-1.999692130215209528492672135699985258649793616168975191172813702956179477533541796021592038421505292
-1.999692452085435548177563071889053915911217939375231867799864567253511053468191044363223586269532365
-1.999692752564846316782629966134211721420830894570231816027912023459444009010145411958340169600448276
-1.999693033085415010157179916644505617461538202411978308261722112452138017695340915693621951555754331
-1.999693294982329662735624430859976924411334355468825898392240877182840195336224607501355894695563419
-1.999693539500616989942927361679021321930322524173545067849467292159545103515498656541941699554668751
-1.999693767801305562449866382709421507506530186689570536882593939055501367910281994831092376590914558
-1.999693980967161009738172661850194835017796417607756013413538877884315209765704108084369633841250137
-1.999694180008023581069973195449852045984799732552612470561159523551265150344003569491958990122234091
-1.999694365865776158572383415656501538824726059911739044848463457148194947694358348709948450609153303
-1.999694539418968817198426238683402752849565803721757944972195249931733316447982421799625495142523364
-1.999694701487124107818122219449632526461036597436834635990821396274129661920405523755544120850775075
-1.999694852834745523711820028304360978314954294189955156471005926963462029994851577738127720542859917
-1.999694994175049974487335727570229042590975551892224495866669629300422541908916343149354182130454873
-1.999695126173443612893612333460875234315706413444376925331160137394915812621917745086074223325425109
-1.999695249450758964504636475421500022813272918789346732153708079515446584662832342937733668218393809
-1.999695364586270028758163576025196439138774011951030160142766956313032455751317556522097135001818750
-1.999695472120500837771596966319776773512862121895678619416757101928095426912328272800750550914408155
-1.999695572557841845803463907720129988334174909553848023639759424020482569300902320657904299320922638
-1.999695666368987513368991478361040855636133247150976136011809273663673981421141218938024241987211981
-1.999695753993207490777414446644280818830095425305724668348848016755114445472106295010017938516597159
-1.999695835840462938900743384211527541311216490102847832412504996035011152995325987949503646840061715
-1.999695912293378699799185614221637595001268074066604749568860742083729115609628819999069996271086262
-1.999695983709081283904821643945619113516533437910381650595278123753202260669869565243406010781707447
-1.999696050420911930224693036441787501559770173570084523894517907678948436724396647250609060161750809
-1.999696112740023353039493629622842587056003815683805495751116531273649838989869680438272152216813921
-1.999696170956868179661489620354851151442026133825262191896930735560069835033542911531416712658512329
-1.999696225342586523895271484104046371989637030884361836625299340098751704729430294304588641480382943
-1.999696276150299622563499132204658161443406719441080029632982477700366280402363862943854346407458355
-1.999696323616315973601682606408165514539189536919424754413940816400567829806996701658783603559882542
-1.999696367961255971212266150781304167248517164405712868149251748478296694630554648943743388310879262
-1.999696409391100610923752260307572227028183702464067225523086923019157612690640084080487332186029710
-1.999696448098169455226382300362563346275252481781678336428507411580451543460565385354423954140312335
-1.999696484262032685605374442484554586671473177335405341631965778824834735146915789600477857453022428
-1.999696518050361736869557874731015825758353136055595545739926878642949148666714912035782450370662963
-1.999696549619722694530952835626759718637242297540099266486542512040590980858348552255276948932371962
-1.999696579116316350619651275738644421550341857842261493879730443166886654164580442515139210356799629
-1.999696606676668542390668553621220626585718563872425778939087176747386169151376917906757178187860356
-1.999696632428274148818766189816088223125478678211680693366245486399158955864959481789098431788912982
-1.999696656490197889402760087974131152255872610122634298147839319585704598655189012896646958980281270
-1.999696678973634850282083911387278226559626611780949950592216088843966123430299789426802316375446460
-1.999696699982433466047865000971596293912159741844827400806726878070593078890860368850405693455763582
-1.999696719613583494544579934042515432631324562792694422346641120746726973987034677056933919813196358
-1.999696737957671351507458658170432572136143533780354482149132821338597722524396315866027220983687745
-1.999696755099305007433048644730926207183181888274533348651993408274532735882965916310018870274781654
-1.999696771117510500706955960457598898062586353137026286906007240371437047555896988900913902442253803
-1.999696786086101979170031522930580317020940675764040194037339457395716876601389796794085031436172330
-1.999696800074027053084070661800024017066947274662083068718513422052751977652693507498277687036266695
-1.999696813145689120440586757924223117267806945910130833984766347970239707271924347168064104241934779
-1.999696825361248212876972285299071437221394021502300187241539703054505014918721508752357749816329511
-1.999696836776901805036093446150339504542133661714790162359324441771989566206310685566256060621216815
-1.999696847445146932439574711008541669761507204013256351785498354281098259535698552114539895117766127
-1.999696857415024871616207674466268463352054506178039294835071601519148365161183054429403482813636355
-1.999696866732349551317727287709004423845098676284105559885586031654821547457181010267497378012227263
-1.999696875439920784536329769739343202789418377551510696587256662581069022835821375379008389558098004
-1.999696883577723337323926912187138134661154421379326691031456006917348825195036860063342015294476372
-1.999696891183112781799565214533109652460253093737981942251192854488896364362327888376789692505462414
-1.999696898290989016745378001033260509814793849354344299553754880741981872222219495611653068536342718
-1.999696904933958279621222798324287372897081017166629896423424036009911461140822913033978960558548633
-1.999696911142484418306108669319438791217640161524069752737981438378061656648863366131276043802270439
-1.999696916945030139152202997866760273385737965342062054561304198634302919534646277966461639849261978
-1.999696922368188899690998431944978854618407122394504306981409686324924108160995414022910807790100002
-1.999696927436808069440785579053549615141766444580973362623038093242406854762496255498135242417217214
-1.999696932174103940361119545298748097290967288699834513706961872487868624973370689016252319340867845
-1.999696936601769129456621898520925429077914803209537575956686531205224088373534076923171284658651161
-1.999696940740072879658187162894615671372454115780462957432140525551551400592859377171223397502090632
-1.999696944607954731192671434612241509305349395160520749256697688713757713864957239657188025204866260
-1.999696948223112003989047840336722341680911752236513495389332648963338076421287688261244721657390362
