-1.318402274426690970553963980928491645197246451463871147721171757399403724379874130400721403766600573
-1.640184181428016882791781123328293248521208805677645968909420888946995908669961484957490686875706702
-1.756970715164298506709905140272684755000202482620230599172328991455433437631618517119032579291818226
-1.816891145043331652727593615977082429043292226162767162616922871759189590417475148361062360768505160
-1.853433760936696611357009874544548914849772822723544788250207397488775048138745627958161688261582427
-1.878040205109557419892974879614086016118749145825734176861711789211464404897807881349619733749144181
-1.895687088724878709723082617058295930450427316712897080523974750525714218881218419627781221156844751
-1.908910027572825863055952910159007938602269037457683870374776383486461738637157535159228337351694095
-1.919149034665834280734049580377045665118247532153352436051951560337755735075093948675220857996724445
-1.927286163986405892824660346401340222719785367351242861209228970224040392601260134849179189885850786
-1.933891792946242834066462537887958499328823819776616155637734630115898898226995341615183068029401216
-1.939350071227896956854177603001060247805994104610100892845880323319335999498933443240805627449692537
-1.943928200460031806156832992219509698862429701296718084262280557729578342890733145271019318735167658
-1.947817091313027542516275383880464004306728250382734631753175893070137883595437236877397092241385172
-1.951156349338144489876309769224278521936657767883202635456162177616637693646692772201595763235105828
-1.954050192398134520489279405279537045368548881481501781345328331948911821375943746804313856834801842
-1.956577889872929645964443978281842970025208439875202329416527125032668383789089236805287649600031581
-1.958800777119540663440594931753963074593778094777938323479797304139228300689160739933567916768446923
-1.960767067934728923590141966032067055299593896975721211128902537485199529776754793938488390813863091
-1.962515217345486765464818949374482757390254619149032078756822616679619834079997065685553143277808618
-1.964076310447767629462564265318210756618243986814596803549987061876509506015415550055915550370880138
-1.965475785203821994258476674323480215617692944912568848586424234405029401225282259788084928417071466
-1.966734692549961455977228485867253470039037637491192208271887948593329902129707822168874198129535420
-1.967870630494368476258567558161729954467291101070805383425614786392559700904795103459412796055187810
-1.968898445502081225289174202333840507457141232262951988852144053827496896345022726322563383236712812
-1.969830765730898829535880401882600545567332748917060405907684872795236082415181871870439311035546783
-1.970678411352549037671541572420157609440630668371594135410285209446019907171732647224728843264517629
-1.971450714011023534891399212288233213878319294866038928374216475458100123079092462442225213882216129
-1.972155768370122256462030278640477248371369254323919793693375328763192289039375228362135429989980140
-1.972800632352025828709053873501996952390196003885547812839750814319980397435268038607826885503857823
-1.973391488193279440671494081579718085483254940273601772941843867723360562157168151082108816252527075
-1.973933773261277294197191599216552831318288996617620955865681495939663550012155975284908131562047665
-1.974432287290215650347804690539685479305353520132749807441707163577260900737613970585879378132111082
-1.974891281042566922906296396203977546512907095420438705187653476114565492236596093320798512979750713
-1.975314530195856896936014672246062067518986706276792244411404277872318398095218770272614743841015534
-1.975705397366759952063463737176850974285127311356455954368532827047466501323294427315723561929124843
-1.976066884525556009094228010847616545194854596971508116691092825333354300798938012816267785827131521
-1.976401677560598248038274831026329414906434924603447077214696810742370000317588488474600101284837997
-1.976712184379754034781031439439251870926536603181736784154472746654314443689970551256881197517227094
-1.977000567651780957177164106229740368285695105213395633007439612220644177261761370111584640246077769
-1.977268773072240116780522538992707757086200056878488256182068868966753411348263946979693068484684063
-1.977518553869177619637914740080348623626683002871662150322909554811646928270252903301809437650954948
-1.977751492131294721146780846492587624455466859669195196638704061932571833777677098035879177381157683
-1.977969017436768399743432179039945058226202529643996401695991453919471341640069374061370768923218212
-1.978172423177716839087128600417031297928406125768273175158183553967611043772740213783135200830597122
-1.978362880908627754324739463179571273329589451233687863964232778642661745462813559751707497800234775
-1.978541452993224624187739520646071129818621451429026244505503583063537820981835199208124363485874780
-1.978709103780461909074156060215229357276542740223675727903828844517138392335334699146010281223975859
-1.978866709504497235279183481988086611281588838009472921955208501467731426181399503051082872026411840
-1.979015067073981752681011809788275833805247805007001215276896486516356987956708056536642885134971951
-1.979154901891567175237468150916073657251233873595003278784497468955133916972511153633093610548256512
-1.979286874824185925599910842324801841495252764612652300033971883498311790894757657239063624622844545
-1.979411588427637394468599915425273739148639096968891347408414714130027260041984012587814490673365522
-1.979529592514712667957994362565850204491311956944017298078741241866443597725348224342230701375741221
-1.979641389144017356215497263626570628964136274784622921709045708170174725681227368827931090702466214
-1.979747437096421780846511122272828442707968162676906036884592005479947747817114562406035178803583014
-1.979848155897367715750115642586874164112986521743544308741475035280099121645250676502553042958555828
-1.979943929435834063541164704817454383124960386825747517840488524128812668248756529476150308190463781
-1.980035109224399983359220505370936738563152884458264213546804243573194148945779774840899602927749448
-1.980122017339379572813045034740984761575670217097654967893451638364115477126225099659463133484845184
-1.980204949075288707261245509167632830909957000765046841337877992826680733782800202571017237380194741
-1.980284175343833024942487535924464885707680278828208463715488315157911963828430095125907357612383467
-1.980359944844071623238904388474414669708720770297939628029599656789887386418184413120771870810048988
-1.980432486027344837733268624027798898075940622722818750840406695855389638719895486646102810461907454
-1.980502008877877323051095316501388175321839478201730722820229510951606578347180866235789003822999795
-1.980568706527629211516250418078488100130435068786613488383474527876979626049061662484723371082521017
-1.980632756721923782570333136452380962845319835452736885515533423633333219287352700272677697324304888
-1.980694323150580000603465491055841757808899345487160361898465907030699130981553685527132653101070566
-1.980753556657699880355215188072497761878051586261779043565756039468815686718560828279279515529654715
-1.980810596341865548499306920169228951779442280720378264034730811431467282697935715287833303316170376
-1.980865570557270787533380234488584454834376561771454059781647176746008642229672293572814772024740000
-1.980918597825221089900214698837155565405678079510543994199533090718723599428024453353347861825858867
-1.980969787664472806842774965760124427303384952881161875309179345360282220282283644127664702203085228
-1.981019241348020834945968597602202178150174597739574074449806854654534223284084334420201510746362316
-1.981067052593182749446450932153369627311600733931568291785395222775695980485477073766065719830605070
-1.981113308191148363874026519064563099298770962308851666191133080247139892293697912511894417305817313
-1.981158088581554093920836427319477602743677656238533731983595038919641093859375248823724053196649493
-1.981201468377101415982949301337624412847871371695522573621266223863362525070953355628632367665588998
-1.981243516842751772987253084089192055338179675810872864333000186687751119313901478090022690210929987
-1.981284298333597718278418842161692741192941465926606531023575423724320579330146694707554414304987426
-1.981323872695116785069580383563030695015583971079339401794295393743920573315182272042633073472672392
-1.981362295629167291497051929840932195524562422447218654162514838178781125796215168278543155283532789
-1.981399619028768683011620733219052127263876814976430190317800538511360526664985502632757496843000960
-1.981435891284425874600166952804500576076140554220389845847503419981997727769815687051275004065982150
-1.981471157564501916320389984866089828729947367434931691039258880460402085278446335862657765773980938
-1.981505460071912323727145100319957254621511264845559225346278591174044022703012223682419038928805348
-1.981538838279208142298796995759160797338243695063344642382994887757451841239992989698864076811344826
-1.981571329143924550445735166102395367939171712679011219532475072126702598414859356308519473504347704
-1.981602967305904427070951186760589917767740981547857701901143733369980038004804652866893740721825492
-1.981633785268151772825633611837543649598376497762012478175856507148010387065974402278305333914611029
-1.981663813562629868675071856700949230635831482901975507214928439323795339126771574949090263703466386
-1.981693080902295326542715063134268287580044849039729776525038994218901608820233543636858307207135315
-1.981721614320542293852016264968243208189376243075049051217876838382396303946589311941273797417485437
-1.981749439299130008949733738646233724170365453643522511705221115141383839680538361938277390533161174
-1.981776579885570233748446181038198811345285382713262135220321165014101508699590178884763255097251324
-1.981803058800867808811164799301290344617453858377441313307721549086743657753979283601963984338986108
-1.981828897538428626526368333449002972964810467987672249660741545776545819996638063518193551665379186
-1.981854116454879058912627689999312402809745651971275168094166573404447341045775252177234887356794839
-1.981878734853476583817244736397579220406790431589472052526552612421304158216466048209554672898865058
-1.981902771060732497846199459084836079497363945776958439488265828516914376248364191595251588345872841
-1.981926242496815383930611010676043244570214860060835476294494527262088290099831934475426446242121939
-1.981949165740253573219108263983078252925290004430456603949826431557714868438289555399802854029282745
-1.981971556587412456405742559898872902729306099816139121113201234358398583722232895434467597716323782
-1.981993430107180966312340758306681577306819451186227080909221696727346477024701987628854057436196089
-1.982014800691265127116222827360462488201601498861578065440979593378163779708855036200738889622781387
-1.982035682100452829980524611644864764248594924954789117491313023740680777434007004168865009222472129
-1.982056087507183356621026701587425570864010042463327086131974251178351972659786293936247440346450446
-1.982076029534727063214613654126469256206888877361464794997465774334966157636994191347477478313509557
-1.982095520293255039645203211452932720783838948962464714454035047222614111952739676058585765139464613
-1.982114571413055143613191558503279183309699245103063990929030037156290148884817214405207311969143599
-1.982133194075129351570954966425794024637356564610216363860146543275812033699419468379998587039511713
-1.982151399039387855751514393857428104996270581970941332888537657804317121286105779158018465635409185
-1.982169196670637091534933794639611881369226633317546617111950141984186623767056921273621994787709251
-1.982186596962543368635155176889069344460160117651602979187577358025888573711997246067936221082063900
-1.982203609559737283527364409627934496091113531322471943925416341063163064897136472832438004872810565
-1.982220243778211810386467836744313830128159419161005345795996617071606297724566952461446877338164448
-1.982236508624153498932208027807249534409794352553147225836631509992956160801738033782863596513497507
-1.982252412811334940984088438247903336710353672503205279616937373211948638417215193254591030814680906
-1.982267964777186109830642631317498151673496224484385443067130293857689595047258340757720872185364364
-1.982283172697652217397027758311650851979765292870818049943478704613847336233235942029408316990965851
-1.982298044500937580085799576682533398319766639965665751533015361092789037359139855382256927206951729
-1.982312587880225810552300739937889799556610724895866659738044243410019975202098563104313903694230991
-1.982326810305459722475466270273017868216591881319601470482711701377635580979457996394712261792737034
-1.982340719034257942138162710095426402255583072755769602284631800009715995200050681044319416854896457
-1.982354321122037964382706316848332211306955712577738079500833758822524150028957290593141657692954900
-1.982367623431410347372326943927564407870413309887469220383525818544737276261305966295454990020638122
-1.982380632640902999584519738425125087343271386059600240735879750381300066513930238100825727090287546
-1.982393355253070330109842578630736006405473063048979210987406305410618292344043183144826919525139121
-1.982405797602036489332022440985569668829886386846228602436863387481917523364124708757846476195577907
-1.982417965860518960544942729085365669005552029862564991718116266538849421713528071544399430726677441
-1.982429866046374085141017406447994812668839418442803544019110728326615680397688090619128910710920031
-1.982441504028703936885759662394429339161140152955367379223717858685150571284508493801257668853844422
-1.982452885533558116271417500257963137454313722766266448942439461951745338248195852013726657971441130
-1.982464016149265725505562435445241841000810205848247588701303881221173286217297657024667145557550465
-1.982474901331424013348306580565037609455620503947348631719723399754692291098735078551754207052383066
-1.982485546407574496497719353621604688164407690568714946098733438663248563608240169498624416259041894
-1.982495956581588309999332148350109625362727938791426771966527610092343633947740393234869183137677082
-1.982506136937786812909696876820587649304951938177121732985564032188022489844959268658682468624569169
-1.982516092444816411506605487349670269283556582228258729806188532949576342359715315394323955209428642
-1.982525827959298129480359211536115558684589569769292826752606545173577850794481589684838582057959139
-1.982535348229269364883826708542026121565435193301223519693615455472447682442570112964523309259045104
-1.982544657897434246609576684048301391517012358068877502446069763170035483988386917207888071738180948
-1.982553761504237265368014821870398320619844597245914669494174242502650902231394218426813896534581033
-1.982562663490774874367059189883135261751881009469588164901865498914395632899066198583452967153375108
-1.982571368201555821408832040363564482823839285723023862381011141169164249752309447615217497511026417
-1.982579879887124191914349020963474896463898102869075364199650400342592576955391326863609792176979283
-1.982588202706553349676691724581641548341481108496388684867328302840286116620660626004287850067617353
-1.982596340729822274934754732283990876265262522462215647363594986469703916607053129142416580689702093
-1.982604297940082305337502544007204835192169570663579187960325225434358491961233195105889058242498808
-1.982612078235822474459394736260921966753046948482789771692574959026966075153760109703940598768116282
-1.982619685432941710872062445213123123508405862008390320018488057090176994049406642468853410513160261
-1.982627123266733179612048754876843354580622154270798381789570843483067675664544925248712133222691010
-1.982634395393789160997871933830637843768518605730632211116598783148241606668294855574692171639891314
-1.982641505393829923220724444316670178316340602904986067303147262406851964130559010313214865881159542
-1.982648456771464149457609979249387876468281724541413076960165702657411862351007724180053981881277222
-1.982655252957883544650710579911634481867104748141184820319605384787733480119492915805430613065307389
-1.982661897312498010970222844929557191868781588968445236101805573439822371590879515891577880299145943
-1.982668393124514015207339666717547748647646533805994548337049784833479962558957292917004907832620985
-1.982674743614460605969967917208228004906640527722989251970526484028558453755198245911944589378180031
-1.982680951935666247612399180339784240423774743611038377471264918130846481468234157856915831937818553
-1.982687021175689590370376802035773611879736181918097345372834490169097678180392642807959628759895430
-1.982692954357707234102610459253762962939869047779064951102723923350016363454433984434850393991368720
-1.982698754441860493537254794354514114566783546972250646595076022880824148402606908977453057248520316
-1.982704424326564571600185205590588152178385225732508663147060795675407728664606250043818981722175735
-1.982709966849781325481780145235127070642570680767619448218223216145661499911902637130246845751040702
-1.982715384790258242325798020596606283538880737417807582478683370450827286494951352350251562169909399
-1.982720680868735267192137649895452451617300085170373560868445376365234357115844913884027477880981670
-1.982725857749121202147317105307649197490315824114799029569503982187091447493435747765589638178772589
-1.982730918039641226494928180981526478396542028967719353174970338736183155379417781818272791429478429
-1.982735864293956983999685388328041771396498187725544491389439461756109674104929998726324991180113115
-1.982740699012260377559309546588880364257205073548618943607993082712545991114069838435567464518739799
-1.982745424642342786715043156963074988582470280197636404298800262896777867042413569496231253066777830
-1.982750043580639827489657145943843547265180728732661402580147901898387332996362889409912178372594894
-1.982754558173253984941749358206118110307796255099839310003383359969466094858226085214850938663369147
-1.982758970716954617508766481371413756141181504302372883043295565506942327926654657541779793976810410
-1.982763283460157614693488730144793740842190000574778555900627032800435075150409772796337386186082518
-1.982767498603884118122635337443760303792591840474571255775245337285751549063119291312121340060075068
-1.982771618302700305617135999606392712997859069413034787077309256419187515346808624831008312030210148
-1.982775644665637894720281496563963837739626499943445153391405249152957051860211918471965203441439471
-1.982779579757096623688060448519086953789035690627760606866196601654839068912429512207546666767360731
-1.982783425597729009581244905740318367658382768484672716963378328215817875514526281137900881200246439
-1.982787184165307991915844574488524910685111145335005748309962918605190806000193321021228384104954251
-1.982790857395577944501621505935313143562726373280700020321410846441603155157646456107758349414859848
-1.982794447183089531319868181755820668635360491563192598911210675909706929243935843887579647456110953
-1.982797955382018819911547626017638863623879767236904859216084031982262077610862897074020882126049874
-1.982801383806971064429085141805607633035228021775977615735323660157580560116398049257442595997856942
-1.982804734233769540580315189440513366563782420360476100516590761356401863360137607967868749366103151
-1.982808008400229765312739810782779450718895288571650000489761276286455459582829447638971100943778151
-1.982811208006919463431220543867569028873493916996071733822339198706005461162535240572071270193081607
-1.982814334717904556300787729522499367130203677611786936404279751066748144848666010765715108873247178
-1.982817390161481514479752707532560970107559641528718969153924253826502375863058561695720354075757210
-1.982820375930896303964910724522456165340665655442847240946304579386368300092565248704689629126652379
-1.982823293585050236295406182360268017568295123777587005777988086400992293219695434699728903712117615
-1.982826144649192941913219869356565122544523746671978551077614028846685969689018769442893911420845309
-1.982828930615602725297191540836113640984018045112057663620396089509679076871192529539069272081849744
-1.982831652944254546230666731711197053166901880439001893690802651380752140994179156849087467920770803
-1.982834313063475795901863695729324467598295891601499941137067526174767711735055527634969602436141348
-1.982836912370590148769661770713688209828315557358771695100709849061708009697271779160889320508796029
-1.982839452232549652465986864103836797437188860049029079004215637328595345741105368296745242275555765
