-1.313623796703478597801189030016975442344861607261655716713020393644891690823930208025663390741843094
-1.635896873045349757280169896309496370896545427516252397322518264070943144494576328973696569905855836
-1.753557401030854798300902025754182835150127685074094457084462747574267192660677745287367164204797448
-1.814140881039477540043201341116275819246709636480376105203972704956668723864767486860040959310352393
-1.851363249185045390833004987201911977094782431121210411210826633457533295284790381954375113152421993
-1.876797929570961044956852302660151962765216493774775700200832442103798571549815373040560358552377742
-1.895418414506732904100243222153281940687349756342018727560501864853913561080452322757121644129622261
-1.909697417606028840931924136641869174355641347062923641959679867219232075558592024713579585527524782
-1.921003655973087720839569239914156670134793454137126983126508403118668218136910531750549103877534785
-1.930162151780786414183630169219390011931202643171115075201658930555820396384886612229912329751453701
-1.937706243568343348341563675549564373068311104311691808923173651481999345410412659326929724514224149
-1.944001053752357122850722801012861617231202135290684493210424656765758439709345747702945617151165615
-1.949308265624692586378471075582496939206300858294179437902070616364477494798537341828423420374165131
-1.953822204132351545494133456577920130996534178527573255013185891074991682768093555513985113059157876
-1.957691094744174953108023113968200147032176033451694211485881518215138017400823421715831391274673960
-1.961030284864013616330471177241332010646111529936398796754690994577097260007678725845811414499041230
-1.963930894340679951370384968249698434764988585654668414536999294743531669953221524016103798117387080
-1.966465736901742100737147293944668298205096046012884577730903949321539606385543754631723238063754197
-1.968693530340903338784576882140065568732682715488216819983028751917981018998038638686042474777957305
-1.970661982226172015768315594977622881600694379683432301135835691603938568609384708953795726276716990
-1.972410105094997337130157360250366475612948602884819524659769868140455369259451289586337789932581123
-1.973969984797114752128227421298849038645212843218549651757425906724851328173445102089159130615147846
-1.975368149685723316007675004123959352520044060388186559571684772518297230495786442718604557131315861
-1.976626642076332461552442244020813594266950088307764624563962997654008331248530834937561408343445110
-1.977763863902886943816644808716020099764539003216239181336764637323586633579538990850414619510688975
-1.978795248907461096403017335645453335036290428538852440547647863379768293332855775623190967336887482
-1.979733800201543095241726533623583517282450832371133891349248137010202020420096644675487512973100038
-1.980590522459740510185685214701978270551024440498913249649889047756398218736504529945917109255247821
-1.981374771054061890919033777248259215797432800363356106546139872950701003106309190772572460985520218
-1.982094535300497811244989771351977117626644516786506195331964817851868528139963115093579440840960641
-1.982756669143793035123084273895712267803933901138669958198353129324406612115884977516168206264259955
-1.983367079696149080896279608868117547374810737820011226720636917380056194985689890818671489511265883
-1.983930881824165575937138308145381289704524266486759189933104457712684873293677853233377661004772726
-1.984452525269640725682348090060850288784877090678953963131177684043719823629849553278394521525061017
-1.984935899466401596849650180941093250333527461073870602885414445189782468034494285961030756024927127
-1.985384420183497111524869291979141061914607243206201873555199754507465854696203217805841405126359780
-1.985801101315537017168993227386039743435642992622610345828459201735906489243864618360203933442315553
-1.986188614501900477675142267656105452724204858898885062569805015517110721651203778717636229376759275
-1.986549338749128454273652822125139743944427560202407619092547599875439277791460279003643675777548915
-1.986885401825662948929326706065000225462581915777617011555979620840522803723584655730356070239710995
-1.987198714872914660270555867269798700997465775918278873943012976552143410150841737349635175204511960
-1.987491001414373858848995114453706210201020361218702860405235384014624508512797783536680282300820573
-1.987763821732044648329390494647673396620763249200131750000765759730874941518994911986175019052608262
-1.988018593406729121946104287151224456007920406672780531844392949856369695224749789574874269119877951
-1.988256608677740507155585098056950375894768807304887009836583749680617181860427256982339417821712414
-1.988479049162286233685462418629722017400479688614910413221793325749004006423039126481676404682995980
-1.988686998380160945162816816026199220635365921015254549261716030258453860437439670844849569637811248
-1.988881452451640138806799914769038209173207489889898537985218815026062561836853210590733525081526642
-1.989063329272468646546253538223147472271072135207084737897763219783458444079283015634939265081261762
-1.989233476417103081766814896185146292710813812034187910054629169399411582184926957085339005746228563
-1.989392677977871261850788905580444674700744247756560900447784186321648305323541074781650957176456166
-1.989541660511820391921336936006988175878746861903015405949189294284061420507701882015351629676654975
-1.989681098237396190139168816878431659226307369888402482800157867037638382541040861584402232708484878
-1.989811617598637013190286819119899675349118300149612270366705419214870371529596160338057273542877091
-1.989933801294371953396852266104863740757458993639728276164564935564625777122433450302475876930816531
-1.990048191853247999424435376328496205847155025583377898883610962253409427728098301718002784759257840
-1.990155294821653900126861202256836398366459099909091402869812234313426858521759447021823531892286002
-1.990255581620263320515537685089790589732789476937251042049842763325235664578292358977295182531183641
-1.990349492115561558272135542993548771266966390100189110676010189798297380634628718089232998698894425
-1.990437436945001273108165010321088213902835287506393218749362311210167508842791785520727017900334062
-1.990519799628072265912973210722938667414211163362256421210188641118126621745631460680247993406667280
-1.990596938490325131393273104833775042866639971643399989285736652674290594590567559109954717634512897
-1.990669188423065029262539928248876855817213314893136811557191067695026107941633477301491588220255361
-1.990736862497864951996363730728242298404917717698075451931267996446832736156157538076259311280407455
-1.990800253452107901075967280065410918428882763911293146723511977924643493302822337119726594549440568
-1.990859635059336504420705390538306095085424021895287374461948709494147181251270909696760136594414824
-1.990915263396181902266759506878473255027153392678827428027419376301072900229309409174215360681201733
-1.990967378015981544211458797311136230029085556122185200942485519705173945305869749832142489097226009
-1.991016203037816262155534092276885175286454042478945351474176945302534252943705297283393021064793994
-1.991061948158553048880431685597800935577516464180390803239077887690439510182985841459762567803343724
-1.991104809594522875774640510371981085887115111357224222204784010136925817250353410383165402987031144
-1.991144970958665574080169377962098778425664784907630960982492678306150512035118675978389405657731222
-1.991182604078301739688949394966030346437335072182039709047590524239697916359151349312729563229803038
-1.991217869758126595961369248530452649588456888371429201566628988298061981176919641145714595659822975
-1.991250918492540405702237878265753330803099802292709916403682465484430560108791041328725172626633352
-1.991281891131021319606520561406098604031047905264889063383478468434470679202515340743653171716241952
-1.991310919499895433007538699204450411783360333859605786296393828552976430571934165340479958025518544
-1.991338126983555817536053449090657888951362352581901280297857951715129320856525030823356771457032504
-1.991363629067919086731907473528305722526031992157884504710754709194305516907688470731748057012016899
-1.991387533848677601890584447205096357095711506612467414628251107437997174201066231885554468710196469
-1.991409942506701849790016320981048103581525897188625639920667611210742004604606318893499899902515311
-1.991430949752767472254335316029726953406257669832957276898220383298515347553817594428743887107831233
-1.991450644243620274600959073528843940973327589782650755917281656570459312463447289436530202726006125
-1.991469108971247426680900286273380125675339877814477450496314257027578752323171271643670365159573446
-1.991486421627091972259090500964727517424102592814037390665393305769887107189693276430754712390141530
-1.991502654942828533623892477416071111281703906232770188377344801749412450991840380465284599576556609
-1.991517877009209170520723786918927817911772282224444459961907813386679094777736951616113004581995391
-1.991532151574387700721626020837834553808810706561754552285831348939125008625818635291896397972913516
-1.991545538323039100822530140431484947442757585074949177667607399375946043378939841017595705652922997
-1.991558093137504733842271890285553500675069073359553248273109551589362674569424882802465958039939967
-1.991569868342114999199588184208525439697405173279673764931416400360863023639145888945764146513263309
-1.991580912931767399815467972352013755296170900593684028431336934413781357435573498420000422562014096
-1.991591272785769198409614521160201995485504118720420136377148435269647270075599351724838304902161695
-1.991600990867889783005377907918794580747748002068424093033619044007141312070355825714885823381154179
-1.991610107413507914735803780102471769613138467708354202770825094011634718513695698004181957452301468
-1.991618660104682900424089894058227349667620784463268129686403284287258002329712625736127828475686080
-1.991626684233926297238774648296976697974144494919380978847107062746869393713059370771136536729299184
-1.991634212857401420945476629621632910129398329682398461602707619165109081111885535160941372513368574
-1.991641276938231902575489424220183769506839602264285483325708683444697161923173686518504610625225133
-1.991647905480557197063048141623440925848996760116243191151732957460612758166293324276037186413062310
-1.991654125654932324236416139286832304384341036384833988257854065941818635728617720189124313012601891
-1.991659962915631255500178301020353524332290871325207932155212158163240316257947859748398533259619545
-1.991665441110377362555603491326143273288271408893530267075415456560392002589326076491692545900609919
-1.991670582582991088454598041177575198716066408913566195542576474045264695803876129160105525341628882
-1.991675408269413498436625091186739012810431025298053459985189408075173935832399169094690773280819828
-1.991679937787534945126928958981699559529732132919847959187986804728784227114664932957805235130273747
-1.991684189521230409092555805803773311054848171584888774437006545473384337147550222993754924369005580
-1.991688180698977316514772068747718537546282825002431938112286632163634357656685705780056475886856356
-1.991691927467407297143318244012734862105762434637715106203768281505791581175596576315165556486998561
-1.991695444960120614160606562636421018714141586718938024303250659340242812371913041944263831680381491
-1.991698747362070771127280833608780135929557869464782994024073092929021773406909663551986557728212403
-1.991701847969806853804969498742589732512540943345583013898114616097877354705144037543280672994988642
-1.991704759247842434408492879647078843219841070981617740502876465496171743310338992155605832252892529
-1.991707492881402516517893569895148691218971085712191818240143034972004308679267289144578434851583433
-1.991710059825783508214490985371462077751872762992929976162017204024908027022044075488946532804002154
-1.991712470352546042600318521459422942330568318285875468264881013201471162981161735269660569434666448
-1.991714734092746024866814824732125442131658450350959989499040464637963424689762876474324228005699163
-1.991716860077395983580396566040853735946531986918110092648277506486857210462256709917169520471516915
-1.991718856775336249971294101432496735501404888622987080692501966302818960710998124758737580942069167
-1.991720732128683738346660194675218705452660772764430429585588489751690886197544976412989800068235687
-1.991722493586015224572150070324507689823992304314025430827428746210708192936146703700493438068466501
-1.991724148133431703961608182156540857566674692751773767232019094316001661540246594861095108114883381
-1.991725702323640881468241548342069910817586698755558346571224124602900055467443790893372147982465320
-1.991727162303185900190459795164326368027484013116750396634620374658538316514749267963026289310236402
-1.991728533837940025833131160553498125678935176714679434541758055303536667086843412482069413171004776
-1.991729822336979203901299185374784107318848765615519601593334982575277953502985255508574627459309919
-1.991731032874937123022900455283504924950487943479556732936271462246541614825200416072543187763125473
-1.991732170212940556735062850616257528671681933683987127709542700893762807456619863012007176869387600
-1.991733238818216402256733922493587030872757607204015106562496883498662866234168711073741941429265096
-1.991734242882455874441179907163911517468354131629105564800938619645960640964175734702760500390437298
-1.991735186339015736398997016216555310524027401491775344953982198419303198207627400686936495179820764
-1.991736072879031260922339006344567454641621700102019734624439650494533570966466949352290155201509101
-1.991736905966510736434757808885807266361659792932881401242261240654322931623700802984342449197765990
-1.991737688852476822230148922301150450094472871195330259998232430811833369254679927283985198840790165
-1.991738424588215775155003191226943426194283366496701271556485624144796006205463292211891577917951246
-1.991739116037691633640331922743184775586049857331416031980921993729453988454500495114930354436390294
-1.991739765889178753862959105227872180484210824520031708184961445782402820622850492580780073440257141
-1.991740376666162575401824540191804332992335454836066731024030617687617105853546742385571057891621451
-1.991740950737555340375933684545090307151185049783568958861441157487741989125700114649704760843626612
-1.991741490327270390547872723286910084454445104896563647490277869661595793324408526796614199695605133
-1.991741997523195906515756391335493710504115942718245601305873615447534581740571328547538810813822782
-1.991742474285606278320255124077458467845006897176842659444493359908820268560462777505972085974666510
-1.991742922455046832106451412810085050161474376063027763744688462474834261944006194302217769733450053
-1.991743343759725367423265902128901702786581302903295621916397152168229754438065689047913786622413699
-1.991743739822441752173589302204901457430614042557815404718216078936797135869824060966785400646600903
-1.991744112167084867253188751541420423717733188142996611613127923171397607216761393378641009928122600
-1.991744462224724260777234194437327576993376464699456022521747234616258789994475157744782062633415524
-1.991744791339322152239685434307513069759601876376350997041725151269995310488139790800311204046076808
-1.991745100773089755390398672664617375827662020889034214423077066577416342596945850070796551894822969
-1.991745391711510372033064932710302684657789253952823558471163119029536173424477381832054054186096204
-1.991745665268050259904152052263521314270887998756978357022939446534129259978626701015469795287788401
-1.991745922488576931049892081948564922251049726240498143561186752719894507900660278094375203376743928
-1.991746164355503301419604654895358810596836077758867638395432366233289303365427232397202039989606760
-1.991746391791674907054431068398480811032676276537118511692356563647849678997959908222334289314529814
-1.991746605664016336272290657540977766176757220364808273488672967277931207206488967353629193531613998
-1.991746806786951968307393652931694215365281749652964891803728760511752649486648213262555436925203890
-1.991746995925615174866421323688129680768450591434919487633956999796296490433210323512148544445912248
-1.991747173798859224717170529325773316926488047105228147217580920835427927039697995099278257963794810
-1.991747341082082293299410776073980347787671258002568178831302982745389319341329985244428214554164829
-1.991747498409878204403378151028873580969088266980590852550998697702634463888650289886768867234128968
-1.991747646378523771639798748156988792125869014853524098834647510368770398310569139549980010213270320
-1.991747785548312948330044123126896288239161301773316263840470381546073546448383412889540410552587843
-1.991747916445747320197775173299536424211431101401894188381504922626587424295709148711228344688775399
-1.991748039565591895459647531710138900038346695466535551762614889231374083939867202980185616869416857
-1.991748155372804569261465996380664569145954862927992569233812438824080314181808959855166708422546673
-1.991748264304347113317248088263826668654433272637679585375852465687784945915678364188010612274787813
-1.991748366770885053629772295946551110934551654475830058152663441951813523741213454180431742808411171
-1.991748463158383324923921092075756005673670814287282415356578674867751567135209297054279642337874569
-1.991748553829604169625486148652402775499873829440257218932843193787379959585648277393918936648892828
-1.991748639125513331489238325414606692327006380556839518329735428146464025776021211331854448937039120
-1.991748719366600224004488396544356602301685019817513978758190946019490041796041504799654485671929963
-1.991748794854117392690435520944867744333357630525887290513887437206417904884016850724631637151921627
-1.991748865871244255184908528290557368552528018568709468982149197252620840521740325740323536746399859
-1.991748932684179800258825782219376508916375230966288213540316782956617360738327497242718537177234594
-1.991748995543168622499623056071246716952745248879387000136780005258862728439640350937278111350450537
-1.991749054683464406860369860360597734638106461090824973721528902640027200435520935623280186006092174
-1.991749110326234712086737750399647580170325776948315265128114476234416114493095510566456190642974554
-1.991749162679410668921663236234494939946932205280188830633080453836079191066085696965417492365923243
-1.991749211938484978754595367593238407556583416877544551334347493736958567167209532467026174068562136
-1.991749258287261390847404541508384157299129089353550748335077664125469365072910223640059459957575422
-1.991749301898558637318198989508632174534750399412615063743122367643825374755929011495707993076171716
-1.991749342934871620480804494047054057169198786242329141531000064153429022027048462529342360837890057
-1.991749381548992473622858031639114576901597255119346447161938766452433068034551441592853529533923633
-1.991749417884593953821182397922077910868239901282319271861109404827672109382285091970732594367857187
-1.991749452076777473075106234114308846433907712584322323333462124252988156793441237302412251575933695
-1.991749484252587931320456575450582026466443352208053836133675045754011555412353890151424617680995021
-1.991749514531497381021069503078074586778659615692226376857817312526481415264844253982831774826587692
-1.991749543025859427691207012380027505312685456460195337146565760642069347294080536760099973949103973
-1.991749569841336153045717191881923543101431549916311801809139513841930708678719148629775801357743197
-1.991749595077299237286699464024649599482782092433003918701597497876599059357250541819085706978721980
-1.991749618827206853665234063494544387435428613520496268254023252655800412294496316159287741332349736
-1.991749641178957811571838125831937388703025078349813907035730199077751950220191960713018862005223216
-1.991749662215224333513351762280746977896529838704339231123445835284501455206545409686807028046703086
-1.991749682013764766147708908462346778281437324435071801871970503529565957415022767066266622589439110
-1.991749700647717445674422179458740958887516670461779210805432878362867098017780564935478197136347710
-1.991749718185876862882537876033440227859340331690010757707138934941682941656130639997887415212180551
-1.991749734692953202868833416594043116119496335202952848055144884858881311713748880804801595881757846
-1.991749750229816268628375921113663462496573609692069720992460886901006769153889663273016858136957130
-1.991749764853724735681861133797905800640980321507138255242104568152983144862141170267880566221553489
