-1.321950697226341806530724802003414328074563725074047437009255694012713725236227773882151252863427546
-1.644927667973711324203873428058195045814783486254744882778199331518741941056239886214651754513562884
-1.761850984220109537753252313158269865202609606352002155838942241519609446810757035976117369837919293
-1.821499785548119918528886309711845133797595195307895292055418992595090568957129960279251940489736859
-1.857878605755088819728142931249346164260738528721420441913606483923386878512378098784238390767191166
-1.882612763562237604017447208165641510163718383868981773090656946738883986189024476127366316753145006
-1.900698155447599123579711081990731351777992370709609252152902763754656744487731751556045711240648800
-1.914625407343424415724088393973980281441645826563359561276791395454011499292077599908305813593202164
-1.925771622662425145172558025126681605000083801219965944778624196928224510712221618504754239269780328
-1.934957450810815236223672828279844005034098531810242887924000764575486589288470112663594516281374237
-1.942700095037805164091745763806266188555060357862908984423037030539057508707596878345426544267219929
-1.949340084678662685830597040449160730372003354501679508260431755058848097249535333588929891038405208
-1.955109904381435921701523621639831403643721136711681592296054343400636266044389666415477936414552150
-1.960173458929862076428786216918278616655512444824452947573358627987497028095356864108670458281740748
-1.964649846245977537918349410658068987039943321806521721665486338668713961336612943289578057165946375
-1.968628193151331435529096476704304764342537159162046200651898562040861878826580987993600266139838281
-1.972177164166559598475635286323179634209947497336690449156796129913555202505130459888459090464737431
-1.975351179265659584370742427045240519402038545206326491092248260319716171045250375873569600592320888
-1.978194540966577426954443674165417209474751733199262208217370747609607123317699673483148131415953118
-1.980744205060582286693839656036608822265926244355662440362726158414655225581156471695025130957997188
-1.983031657924565473955497220945838726544500091254716150215979699293077824379290994636755414717051234
-1.985084199396675411052557765977242310375914184512859914145094458704007147855683063947576040987663018
-1.986925827875973980903832314614398072391813995775483719162560776401861714673365524130620178858173843
-1.988577858671206989663649870829832611282812077442346920418259560466961400936687665489112262970339526
-1.990059363557590648187361159668641933105119831562668639661052642880982156613948461490889268015183000
-1.991387490750165648106730612123884908027467585009829962670145025869394482798756047467258218634208420
-1.992577705081392583611424509493613981494712137373095877753717596497142796953404421803435374413968056
-1.993643974968275524751777984270792580012248665183642550010030855468627820590520207246795467853487202
-1.994598923768452527839947512707635902433089356440634002461682742179824800061202625863799624841343494
-1.995453957030525621541627108636437640272457226302449325202949204237226715077597839153504947457902677
-1.996219373044017296728280301663962821094665979581154408678764413676253262282713052993142078184046662
-1.996904461370170908744785430008502157727852419466216444167716869382581555365716452080331783713488005
-1.997517592255350125795120599396894187746023327713708646849062321580393457851168526570308615604510143
-1.998066298692246942174926988402853712791547044810704341729259233303974851235860758368691508804186817
-1.998557352189277496690664048232466580420619227907776178310780214166631181867214309639254546662422825
-1.998996832888468054524158525949219629369802842569271614198093580086003704942930533099818072031661899
-1.999390194435456155658577166957678403210131972997643873426063448375399387256280253095250612314527241
-1.999742323883031245115182185535702244660228364230287338617723176577690219350084462384322533998464879
-2.000057596855841829958087079348180840787390028355179855424437050789433580353606121710906248828850811
-2.000339928188367042427119081426006877032922811063146132537581630727004823856366647297961148242412510
-2.000592818251883043377395201038257170139991771561312292347667360560840990106197135292256406778086937
-2.000819395197270088650451486656822174321694342579941182711267463162909548778608643345887678907905634
-2.001022453352384837458821539851779435092784729730000945948756826528360780251106464329657272814309820
-2.001204488021843905992836081250549606184154647663052262183633891391248375892972558624339433787442431
-2.001367726941919991679720903851308117892399679658326656921829865805111698930443748437478390114301728
-2.001514158643510853302867280933113925804323475367886672480614203539712128691327310891945095319713749
-2.001645557972157291483970820667517071630379467907695310027976386019605721874624698132784103722234756
-2.001763509006527555400524756333407655288382627852785568546042451707102411667590031956511697468290406
-2.001869425606428353766158870686519304342931304587959615261535270897068060410877607138893796178002941
-2.001964569809032208035331657947069170502433137129508334726504665758824839363584145473911941244156460
-2.002050068278317269727921929224239789356266051361627354868766021567156960547107938478081367123399369
-2.002126926998305343925454145779020799991814096865434421812940988908812056541572899670809799232887641
-2.002196044386032845707054612135985193106868733398351780214202497965570477014067181810887500043155017
-2.002258222985683725505092614238817166247328306747008733880402213247432933783617979725957613851877619
-2.002314179891232134999178729369477237752161830013122178041578040854479329569112614408010283753133950
-2.002364556031486728642426518167692529164259026517066131179714929253451729277956672503901282923187944
-2.002409924438735198614427993998629938984594173479280769790517918863810270107511395914429221875586116
-2.002450797610334199577508812433649495358844211944657913904800854302584598724440828937367252714029343
-2.002487634061616621950005695658227027268489532348016271346153929517628388915582643810176425329064178
-2.002520844158400653027953203598325299784990253770866601550518440525333072130494634484066626096344847
-2.002550795308168768113407875806753034469148143043053400480211683630593453591827859599581961195018880
-2.002577816580604335760257192162640456642079254553840304263858205500918489018101252959646759589387915
-2.002602202820587789977646914198570027876097168557137236997837157528589836052852199961903613570581318
-2.002624218309911302958056950690625099938262076869628604689554286914700740947304522113743626011507645
-2.002644100027817224575522738438976791641226113082816814070900891825680105698790702315099837683334806
-2.002662060554946363722873773355037486378470130806100692353274258974449895194252101232474864345961836
-2.002678290660342668051472942321526313207192400714623015410764003914605125732407057883414770948737589
-2.002692961606748632880596986941767608195181851670384291844748715441108305722146790670597072894957082
-2.002706227205490902063430497987823190339688703616074874500708197212580738707179969820182769730080145
-2.002718225648750497786992328671724833178062318841078968891753265398525469501112867848094125646813873
-2.002729081143894248678078345034909400677667357855979442503971507964644805420745785681729127248434716
-2.002738905371772167943670527790279381859275720547238505590342862154080860829708748058419635396164235
-2.002747798788424086646301070106977705902149110465750062535147481346418719483387115488875109659611861
-2.002755851787453500735282843612013658068891010080777235583037261634000207632991408682229202385192198
-2.002763145738388037216441319884939192161801438035870332032971657406384742626116507317228904521535747
-2.002769753914626376218780745111187468981518033008813812786890987249134656227644065908289448295857206
-2.002775742323046756483731843472700267389370537561904252181764307483103868112195350839474194670665621
-2.002781170446000669164217455650408871338665086385199348137627777321375550625118749951743044890041315
-2.002786091905217057802180204783626655609638869107438391050432191117155703514524266245330556105539178
-2.002790555056080291871316956602063967403710673826345527261693526837315728012117244199608207121111630
-2.002794603519803650066986256554157859016672585857531122469421937802867569027082058571754020895806699
-2.002798276660185358655336364663710381150950841943007764693231389216708013584765799313343266094584395
-2.002801610010894122297888333546487921731067078833975122499463119931625487525476964663132851087673381
-2.002804635658574790050872353274719214659067428947394283018850093406507271464484167006998517241504222
-2.002807382586482560649741487538296333309497074336205634498794736392921999890002525455271562049293247
-2.002809876982837632964543762628267662729577075315357970932416346694526239635084542624638352564397065
-2.002812142517633812187714921885464979246830660600854723337012364681832792934087881992172047724138675
-2.002814200591227572237330529034439182967434549629353537532108689172111526436816287489971871534508638
-2.002816070557672731131363115862312030889228472872529620703584830613305313362682318417906000091332765
-2.002817769925444810544247912343438643378196355958766164670187503226555595976518051087265848674471198
-2.002819314537913890239766292760767371677083018845053279650861167066974012317369070660988256111928923
-2.002820718735671095174329517612250383250079409350063570994213100765054359571734382684476272356293447
-2.002821995502588346368857817587853678546104172826035899911767070617663420655289461745333033919226930
-2.002823156597290264201034376917031435295235075091848600117200123513831067437949858490790001133420420
-2.002824212671538544122719003764709935191414041919957187188947374770004153735701349764434086212625661
-2.002825173376870061782274280432383354904267573155988149312770142096473601631006935634242752442167138
-2.002826047460688292681886649537355340162782373432333985287515334680727154704814066449511195310282497
-2.002826842852881393878961574075383062274390506955649283935964438352724088921746111875716567403860634
-2.002827566743927704194422518743522095322183633387579868541025159904878115251690544875303528636005873
-2.002828225655349065063312101759804509744303674566441312495463220598360454925268184905431124649947814
-2.002828825503282746553262867544230359677781609832482123468144121630606611167412266379947938529089625
-2.002829371655862819119368047768639137480494743045006615948051958506875570888098177206172368798663386
-2.002829868985030374384156386165822623185676334709283096637810423999719106880130815074609144525887607
-2.002830321913328206159186372691861810613897051129041945618589699207155313751567395076322977518265024
-2.002830734456178513759323092515858409576544480134742458790923538948822319980349207893859533062506040
-2.002831110260091199333135066453831682707780600664084616851922631799738940301177098708779130167763734
-2.002831452637204699693987780951714283826317325375774851476326883708666657291656339844095421906173727
-2.002831764596520456318536303193439697910750867816171714483953189144162620903692965339033525969284956
-2.002832048872155572943552875695550516221224219396013098216889490622085766569135883746392841437568291
-2.002832307948905456644514922393097662588941856716485167221214506507716352446741340335880031538014250
-2.002832544085378894212569320546372937500577443314742326692331825532362828442823384147549785025764956
-2.002832759334941708204599639283921606949563566847056957182823429851507379703749150034090153700150006
-2.002832955564681543945621411862439630929002662813512055362630349886610246042153038666286351533740391
-2.002833134472585170736986718044233248029368306988526125399605921479063384676538573141038944349644172
-2.002833297603100684460555523937446672694821811579157093456537714466553345293419523634964199384186182
-2.002833446361239936704216404383924838574623948074162256466448644020298262821307143801658593620388001
-2.002833582025361195205223979458858413531995552382973753494638442559057040549600737687488124498081386
-2.002833705758758272570598628699790670408401157365387127932138251781299022575967350216551041122497489
-2.002833818620169980467201121018671412239780060401974385906778280118338249823622817853027759927543122
-2.002833921573312639731781792248966203696866795811152889351203774660550880172666787092798513422434338
-2.002834015495528361498703952919055268086328456004982766124574312108874576124953702930810716388013074
-2.002834101185632807041196602722350585002840910100051942079875993685482737599484921008476130859983338
-2.002834179371038019843226268118196947816984785108262602770177076685396293518527713144567859399568178
-2.002834250714218622277641778698283932207362003470104008865006922432564790048665704280772306464226596
-2.002834315818583085055185442957124959317497804956231629336278803739822913767707706089561973309294114
-2.002834375233805850460641764579850470381655072672535050527007049786260773664264242258667845820317875
-2.002834429460670743288926181212830773505647107109089519969612488857903605690629074810126751972408691
-2.002834478955471282839710092017774634710605070774742113883721134411260083142219441983834565080871345
-2.002834524134009161553849455753680112102433596903196801881238311680140269311963663735598754665271902
-2.002834565375228230810616260349783225716155186827445647200977063091584554163486518181824069000845938
-2.002834603024517793794415674928575476704569536245498562150169231537625787825111394969487708017680726
-2.002834637396715807001275860415713180327242502534591174812324954936143330274783260344515844513916514
-2.002834668778839702857810486710135067525227831244056506001122888506431448545231665332892097720124811
-2.002834697432569938354092568279913195816829172519099279149008264052367762190386866733386277129047242
-2.002834723596509014545658645302508186479042404497615980099899807161102858241999197280710119736547716
-2.002834747488236580678953906022759537655623715255119100379364943550911448776453986368648534164514148
-2.002834769306179309996234759557651671398941368231171911202082366138740682224195597763234652000067724
-2.002834789231312489111727468718157373296310658108582280958742662923861699936701227419107848352366141
-2.002834807428708687220760975813092554915280490695626274695137634814260621797229183075629036947617170
-2.002834824048947442847598362852643699521783979187062076482077108937998372111468902044661119504593700
-2.002834839229398613901972303457645292134499654848727411816587459347036943616342574895057107378519323
-2.002834853095390867560871763592222009741914377534864999772477371749624445977477685029205033433546284
-2.002834865761275725813770335734544884475798786323845676081872157266869578540048930220141852090932147
-2.002834877331396623864833641333935449072463459179715509041065106790736590952502125443988766910369793
-2.002834887900971567858734080931498334750222870656204240099347299503060918599829758850399470258982218
-2.002834897556897190830363850764119008793094033812772966302387996192557312951927749344161275164209937
-2.002834906378481291117121766033721182848353619612397596652289067603804805013532818861219278064430888
-2.002834914438110289195597091351220103183106038429887367535665150414926031091711631787406415972531694
-2.002834921801857451901390052078605620051960420675393216720029265331577133197970919380057639875865178
-2.002834928530037199517554069849102251400679111007339215389730673761091357833189312764654777009927456
-2.002834934677710327690953747530372133611081290839915951692776845758788200425329630391843061838400352
-2.002834940295144537457238052121847565272636267006575156950619780480449870855549005096349242627153704
-2.002834945428234268028889591479918029164069003840281594566983892431723662362094135002111786845930334
-2.002834950118883465367169876072752363486171106266199812034188670510246552980173566983208983819050500
-2.002834954405354591359633176849113438825224035884890210576721946449813688382538698088603637645602523
-2.002834958322586879791054014636873564691589771526553317659136024120539334890695596557034031107325972
-2.002834961902486574727444342958825674879688779123002799714232157734648692922536153058275574495183268
-2.002834965174191640431447886276530082163108469980053373763842859214570667853827694563747746939811437
-2.002834968164313208440738463596421092688117827500252672366516110422500107814466458367843898865851978
-2.002834970897155824087137164790202903701901985224851403843222865937370190544720819953397385019813433
-2.002834973394918369797031944003418007915364654382278057143675316729137490244972259693600133983690293
-2.002834975677877374665989176220987642008960441590738880941741704251942299234015013926909701530252557
-2.002834977764554266868586893376181025194434379978967752649694307525370898368410388912827436194789803
-2.002834979671867986525943289649792138583777108609850658396688185761153571250019767996780825966134225
-2.002834981415274250324181840351187678050057171118271163110384265863332166920025377691373731576940791
-2.002834983008892644101895688029386881511721484490092852911421711974139051608727688223838135980036782
-2.002834984465622615010994323754667486096400688064112026267767196206698230063626904022851666755246281
-2.002834985797249339707900424822241687400518563795914204489123160480547927656225855411365413366346360
-2.002834987014540358275960803516489641251504040513990297827482983912839343252256838568061445717538940
-2.002834988127333784773479875065396641586378042715730627705365030598197027736162338197982879074211967
-2.002834989144618833480189081096108262617680121956494805638666908721533843522659284605406241682417349
-2.002834990074609334483140972109003793641406260174387057957582948924504361640977696609787219840342408
-2.002834990924810852783619340865811008989024038091032292503703470119844011089839543086622073863554453
-2.002834991702081970800168096498424447669293124736939927619283043181433679443849781391544328217818142
-2.002834992412690244824725528770226264519814358331149753769425855393658646571364763656024474512534969
-2.002834993062363300954963159799619908343509575298280751708219835186772404326155101432350468810425009
-2.002834993656335495043247575262249909161922690911470157666369756844188164530894409906856419195144214
-2.002834994199390523886705451126348314945498344185060711677573683189030864265918360445029784526361292
-2.002834994695900340803756058601128523145144885260906060072817770178608085639494212342263116508427855
-2.002834995149860697775010502512749713916058050626570350639408691152857748752303441127277958705409029
-2.002834995564923608023882018166803978923961481755138581248759632397004091318154728374129284031660055
-2.002834995944426997165435359132486440749849352409098173208286520173764659944421520096962243333759512
-2.002834996291421787555291466676741128960247318979635127789963798352986313921372960450828617217166937
-2.002834996608696639056766644654207384718353898134441989356831112683977584732152303797939501680338046
-2.002834996898800549918250348982346590021320768477799441550027841018998749283240781980427104128606591
-2.002834997164063503647580338559218565830821569874286338079293487375032477601592196085240984835940809
-2.002834997406615331532347053983868694620835602711544522514384512179735710595832048350491116307530982
-2.002834997628402945646570210292382599510160470171362341243143152366637277801726131106518640943045739
-2.002834997831206083676437417820697185165068690228059757098464982356566403644366727464552925220630235
-2.002834998016651694576507994386377917864444589837917731376215260434003608913026442134690546051014688
-2.002834998186227082828178074411703227533349723590632227351249601758097673881002458401546808207404136
-2.002834998341291918817622981333218904347307087745458370251704157583485009348493225462661480698546083
-2.002834998483089213494317150044533478255435462162360396452012090171957352001987116632996656410874113
-2.002834998612755346934314738208889964062668975102944666424726830853191140032349930402318542709524370
-2.002834998731329232642375029271015609888685004447974827716570226960535312770629125617144456504884307
-2.002834998839760692318208550956887189235404909596427978085385779133383668219600723296231866439944106
-2.002834998938918109323082256255598714771100964337097338882358741775742624362379808101871699982981346
-2.002834999029595423162723197758385011781514547883177234295234972136786113933962180419312036522489988
-2.002834999112518521896017893759248928370633052884765965013193433795259442261618023164500760227079061
