-1.320857960400235957012590742616666245917634770678596561100805788175841024606173089821884549824295804
-1.641216631392634237597852628955198348531446261803041089807603309326034703767679713483749109671619005
-1.756407013029729336621570651128402524290304657883249235378987089720003064987460878869101793951650379
-1.814874133051513751997031030508171960019138601496980575730210104089159614485040849305013744933243863
-1.850364061112567608891493022420220129355989930392176240175220467044614255833837995485366028037606747
-1.874468430728501633646071168641971253533049929905920985285345485125485504902469348834439085162879339
-1.892161391699455552002086304388486601446282929647683724053794742981121693959816577041836411076281490
-1.905878194000435873517362279827284917696304249459644941226751055301756808258228393962797491080658600
-1.916923220425431292816679834245351775592318974222584060100079990912906415221810295459828365019864849
-1.926047802294145878824978118775150775601209183116206481200992298309173211702045981307738612343793954
-1.933714994776515554617821090416049384960302149862089391634988166687994905841507358514942134876156045
-1.940229877436760537854691326432645790516820057197924162075734309245699057042163493725394454716322757
-1.945806790392094197341740314092832171094140824114938488425796885105601802385460757430828116668100093
-1.950605210055948140222060666780182736667144912706650361191637322193925101705667155621036088400224704
-1.954749426456980593276002317810402463401140022178258940877016776129946302131163165988500386654109713
-1.958339657019559627601082017502277677756845209157546010028770296258600440636193196649438351210550691
-1.961458570341417980374129861229700529140471692438940287835496593039842285548491905271863170478577503
-1.964175324696435764025864308472751181851556646159561678924484346888313609956411009640118691816667120
-1.966548242388136179081465447324383090635154077208635570709201934136040457149764928444031791523100342
-1.968626715674976713525046417440623378498453845308373537618646109054761454596045515848457462736994828
-1.970452658967104509429280235945819530994690247049774745581328917028775400193332704082692971411625796
-1.972061673079514760094332045576461576071678158062220382154589527666853750901386432013605996100253166
-1.973484009763567974676943566814283035917795512127887138719463256715492053223403804878221650388731295
-1.974745385231412677890968912855045558371042945665930705080490222241246238944669584176126620034307870
-1.975867671726673832404958353621436890307186544571801975281018267344774073611826200088874336511388557
-1.976869486559973337423803496892783859174928978326556466216506762432163429717088757554129780932321870
-1.977766693250653222981039776469602695819524614915658493042560034486166818732023049472354951294755323
-1.978572826868205983781583347115640981023079378086112752319658908655166519593180259750963271716310953
-1.979299454074537974900790668468352580150889603627781476100957613762629782002010079814001634290443652
-1.979956477155177663748808327155612828382931094335587903738810007791250788560172303687240476166286024
-1.980552390260733127524901686021960438980033053099607078550406773277737149889125918447863983526434709
-1.981094495083499485676586361400951655924737110705031305920123957985887490677383931611678301273292587
-1.981589082256653586003802012017903929152166917478851702125873857117071328756977306743951013949208337
-1.982041583894183483406184735575134067552313365850484038108824937901350449647411241697508614414090120
-1.982456701899784183889731856666936884611137841048444437575437362311126449982531535793045726412290639
-1.982838515969201463157523020103540969570725174597372036261571288968050438904849633324565709330145125
-1.983190574594164672858898055081647927232645206219264900715020406027831602516155691219775208531177080
-1.983515971843841553884891782299291624597271384615639196425069017641585996866058349643004197423637008
-1.983817412245389796244489972354148789676936441348540119632043808251234079466277074911691852837886143
-1.984097265700718174621932073128717147012425118273954490443883903103862419312252086168704821491344076
-1.984357614053495421251218181461755010997159867478279156848172131100401889559131241275405320560651299
-1.984600290650349464974095495534761934087890032413390485445207683162199329243005939666110176703723347
-1.984826914015247580550272047813656448323628212317709028797596304932402514085183240652516165871994992
-1.985038916569171728354264428246018595570847146842150689978260036523298898865955757927956530941358073
-1.985237569172210744185300018437903900018466182454754710261081074143739132054851086127137315912740393
-1.985424002136750048877518818888977538738085755958986322586522415155738026499971860021031574398395266
-1.985599223254008895769022757729557148130148793100485893666347816744453417209682122990637223540283294
-1.985764133287959757719974564329043177292913968945653392998383495238113819549415915809670696890151813
-1.985919539317474671550998915608592819874268495808945705526118295317482453555178005849337905273097075
-1.986066166246763631651344434068861163415593545589490049298557399270565054320127012717144327325208591
-1.986204666753605186814873183536861191663080664270633517064956140509766342356064303264858579575222864
-1.986335629902748584384233348561010869575713121423421127606470826792649942999734720661214033603718249
-1.986459588616705046006235140133211475679278389882195618899722611943633167651889006672724877808671263
-1.986577026166744363283186318842302305219590041360017522748537554905582037781626917873168962635141480
-1.986688381822270995233264276669677848943941120494034248611230247135344146048491481485022585989226604
-1.986794055776066683902224269999684218690889980466409237446733882676054247935671482827634643730345082
-1.986894413445478277832356016104640527424225199334162660824328531538826451208183204208889995870532052
-1.986989789234951785109472198710842355422997800504371750140900236549138080346243473727807106459809545
-1.987080489832914889207609925116110295124041273444158194135042043717058368566436601833176983191000731
-1.987166797105513167547276851354766134220183011069621494162111032210226224940065902245555102038230820
-1.987248970640804417450401123437438569903467847374623863084149180427771329453745213197404944637038153
-1.987327249989451083223339720397914729851742143659431960706168948354869442004038717505052720714373161
-1.987401856641512716668929666751678916732027874291665759590419493187000372940640701972573246105019969
-1.987472995773450342838745819040169724430630871465049148802009597442318058539930252093348428734247111
-1.987540857794767327830915742421659456075667129219779926673011289651567899739134296796770840787673632
-1.987605619719700232961103271538637791295557578971321223994341593052504197014160542054809721706745409
-1.987667446385936370871751578989664878929381216832150294395541561738007548495707069978749437578296841
-1.987726491539390827381507300721223529610953408385661236325842841758433478109205454854751242921533687
-1.987782898801539941233086290774135257484486015526726402300218118432369704268294281774644690672771257
-1.987836802533632217943199004228203074845461966003496797509973614057195191565352666131258419912466775
-1.987888328610222556601096385606870161755554178249126285403044403487819519801382611991205806720856649
-1.987937595112856799590964953243550280770616888237390986104851190375600432046724831168218175661716746
-1.987984712953337474445422663865519877358701783124717995186222443488625213182652313157064111029386608
-1.988029786434796493385381580523167409669300739950951072773002019033244980504170256474649410096973839
-1.988072913757754508571319730615610016894463162838939872086253203437688243174986335014664800619216058
-1.988114187477443680369577465064626581253531591624063799743350970684406611623956398049860235165475284
-1.988153694917886412351814178104717392785628695961018047280287489810716425328328021188296357982576264
-1.988191518547542258586266985193995779779253280735726268834303201186242089858333040054743049386522191
-1.988227736320744215185438601076035501861521043851896196772948632468275492753915713024478522152464486
-1.988262421988632160010781788504941227990679428885831623197133447415294112543927332575936066494084408
-1.988295645382842802712847588127100184535112996482935357095237349332716209863096999158738623557175656
-1.988327472674827786573987162431390703184877159684978968653540167093057865135010808271090812920513181
-1.988357966613329289039707328626541634016150251443882577747244109202003770434606822069669062070691163
-1.988387186742248163879851885106665115222264386679837690254873776622766991306577725464911771004044874
-1.988415189600878664699433136454263679012839260126088530841671409819298468755910439446611809493812879
-1.988442028908257975302093828961319373064908332018055738558629337338018876644209624380606690283428317
-1.988467755733180101161659608541962049937599967468464542422211279704711818086916418159994878909632330
-1.988492418651248996454189361034027693799137445573098185028286525025039321975668148505491465185980499
-1.988516063890194294340690147580750774778234474957255333322117986751380803143269431968164583648003810
-1.988538735464537671047630622146319619722855291800159359498941623723776997111238697615159058629228763
-1.988560475300580614322360779105807934558232871908563928315796442973775205773065873683999895681870619
-1.988581323352580279929668241730439499116503349285244445165758562130396127265844683958577847068501131
-1.988601317710888608713160156758635357923951173637535205515216924240164909069332125005496845651683046
-1.988620494702749227843884324235630895072550656363174126344922260440034701745352163077286033818725406
-1.988638888986374917337088194183372845779481572978037967203381501221891623585482787222957101646525832
-1.988656533638865680600154674903137212141799991935200064557418123047576408275843261641861074197986873
-1.988673460238471487175968820001539927106090019497842833663405789948599787567681309474086826866785039
-1.988689698941653793624758948113264137501466673779586457357440093507166798773466730016225666199383108
-1.988705278555356274807462312920572096097412567027987607475885461108115115415840480132511445479415162
-1.988720226604855829086392171770349333778479788991236495999554409190723270738393468478513671119141240
-1.988734569397530054360989631726626791069383279881360681670749118809398025125466806150558514104313972
-1.988748332082846389200838218460163334713564044806766811368428384991567968860008092702809160249041989
-1.988761538708849931027316604004510310417029054290219365736822245238007037832433544209186479853667250
-1.988774212275402753390791349470260380753664219367598480523695276566473762838041692223961929112115409
-1.988786374784404579680278647762615300719158398157523385143718979669237682515102728712681259383416959
-1.988798047287205235549441592653306970006041768401668964640111530730328425911710446187190949505258690
-1.988809249929400871520253856148623792518322364440497237609229934719955406227218300385116725933188121
-1.988820001993190384010715178817452444719345172638969441726082256836062712875736672931356516585596175
-1.988830321937453456411852430363599375698850965111899868252134561830310696125832033883190630841676676
-1.988840227435698546415996787316664667939030902145623408341830433384064249479767010410900995979849882
-1.988849735412017690004914585229400286336323750243476751711363024153661518571972885564272901293387565
-1.988858862075173760869094910841039427098737901634675531168435105950054402781458693030317882324352632
-1.988867622950936400204992539608572280105018689485487677823491284894787366826282448114088639736244333
-1.988876032912773901694645904636800898152909763770897297113453281370189319802043424179420416414625315
-1.988884106211000316266815893884318311120885347729247060889758373349094473668901203741567417099865876
-1.988891856500469729660994972648419479042062885621017021022302096780776165918334237300426854113885420
-1.988899296866903066888026661830464770190413241816038788445058333647547266060434762993948238568159750
-1.988906439851926464557370256604698169660187635858543094282238727601906134436992511171990522708650786
-1.988913297476895131424477492962381311689656961204792447229148562145487296164507222476318419072468722
-1.988919881265570941605020156915059963759132750798542585354753946024114608710416278822671817941983972
-1.988926202265717903162528658334304063169570548226729580449131797893905935345387395665944561657384128
-1.988932271069674942116057792483022997112516794700476601826213793502065330881744676934875762360397619
-1.988938097833961706749500487160308443198594964886724449702766212196997267349884507495690856821785305
-1.988943692297969458506225953224090894535966814213760009535469727877723133017715422831420402126651328
-1.988949063801785614305679095098618098882606309029645248163367315419566520530665086704292442679405392
-1.988954221303197702376014340762042995899521964633792162257834298049638683135759561592297405098431025
-1.988959173393919360724980302341296638235084247276551585138532711951204213021824492434840054535012685
-1.988963928315078541313772280928875972252591810045450961535091131700184109322818900307048801229934930
-1.988968493972005581495227026867705550410242314510352677399885994809851493995539757654372147203374442
-1.988972877948356585335849764824495634134376623632114543993586336331223211051102798412663347430314815
-1.988977087519605373537562496302451851446709489209122228026348282576993317071016331063871836104213907
-1.988981129665935365823096513727602734712771635377695360609667698738598647482304769037801341471074097
-1.988985011084561054939782447655508805825630104689402884068683992824474847451703244839195816553153708
-1.988988738201506759521478863668350139396747660360104740774921398919095532972403813294835283914548153
-1.988992317182869059505334200392308904858304060448879057869539763068789211509820157802451863654097895
-1.988995753945587676655865653927125969790018642973517042120253344161892143640509980951893915851350477
-1.988999054167748309285102570888715287583911600773862888511461748498330830585517506969529786046909142
-1.989002223298439441252901591287092679358255637138039442404705926430191147855048500437310494767219208
-1.989005266567184281899464997914802009505563435851533620058198295030986805655268830526072014042823768
-1.989008188992967536584227916090979477567525178583612876143964988375823825628793394343528589103878795
-1.989010995392875858472319179901047080984115756995872806788615339572985965860783827521566181092224470
-1.989013690390369770973919963582802858499700157619131313210953449942248498242895809886452284288220163
-1.989016278423203988728038073896077831164490294317630151718692135041926349372391878949944592451795447
-1.989018763751012037251717299074866929982659565569716636182223462056806769227495921995560627373283318
-1.989021150462570519845655469389251869025742798114125817490568232290008544641201847501061874012941523
-1.989023442482757346686449390200402712792772382820435144452581060768373376049546686436502782627872161
-1.989025643579217678384454424829871310982773386670604044817937253619990673046977130410144925796901722
-1.989027757368750601749944268405141519737916644740555525217596034260936942870267153015335015356815824
-1.989029787323428921226855139703609767126210361028133073412422265587138214041332551288459587258716804
-1.989031736776463844754656166169059346079979399837619844286538419584679998781780277196513227170605851
-1.989033608927825770971882755542757896017551277089035394357852658849457031233568920000064669149701290
-1.989035406849631845439586219164433459286473533938648247661400775401482588039189924806762629275400328
-1.989037133491310444023896936233255596557509729032282418014552643335267731417551297384841757179733427
-1.989038791684552259155696950608211597449048231167447035559669398499559207884368390061979557695661313
-1.989040384148057209166812288448645908226051718195986162727349302765429325739252555356642469775999900
-1.989041913492085959107995177706470091348572511568449602544422510414201511251315968256744937814454323
-1.989043382222824428753208028827862157912636037411440225926830572968008675171901769999150503383484744
-1.989044792746569304623284674914877083837810641345180899151022050236201275269471256616271606182957840
-1.989046147373742119972008705655316580181854087023065204835833221421105664229451826655916436802394537
-1.989047448322739262206029519595161909402994372194448446317734377590670584161559036411300727307078949
-1.989048697723624788807063822572859954605005688689760648248980990320153638374631483344320802445579314
-1.989049897621672730300841505865217686784140082443964227588442272703940956704263860837535504915462315
-1.989051049980765159107764896173980041204726797169893676164787330716786071401373856818489591459187353
-1.989052156686652145976378785352009378524639236760749468667096619704963835507534979152789256446940848
-1.989053219550079333904422162025228765463905663804970699458215699495283186504632685599273546407003633
-1.989054240309788677707758347801459691051683811771691289660184232698290518654973919839500966319810216
-1.989055220635397628878269024605772204464027763859205426344661914017559412652443304265468668288453388
-1.989056162130161817375078170511923532851474504704277225163385125986962117038177571077043360877041091
-1.989057066333626061353915046935799827305093748967859282026243850706880939892023712463265247207214101
-1.989057934724168325674144906734537851354046768656632840070977864586154302031178911569317327446791920
-1.989058768721441049931582200124032889885881333738196273086470592176773019144615148089627232831480198
-1.989059569688714073741080196328523139876530564556270614812193584431313640234176387357724270045735703
-1.989060338935123220702826729212713459966899843767360192513229195813933314857882577460322015447932598
-1.989061077717828382170637779184959652517126355983701610176029076395232276177202089943561033235522460
-1.989061787244084855075555759094563761806840400884631770996623100912104726607433887142947022238480853
-1.989062468673231451583338643550570641829695832714129020333234001964817172493887313095552283845634572
-1.989063123118598792797100519837328280522496342416656768330332379657724275961342031888284565030123673
-1.989063751649341046567423890276134171137757753549107193333192046435070227166915996251220443668713821
-1.989064355292194223076984081060899471889511302629020088053223999077700084054131795275135844421507213
-1.989064935033164017501749505546562770485766520356198192511975169547370447531896622438532760884332392
-1.989065491819146067375612321580545581102213647828885381761635298714551651966292715697795142577461063
-1.989066026559481363152330587002111961522448248557960704177588971588407720723921305714399923816098022
-1.989066540127449442690428260065137004062013988032409729427582241354909634232372114382725592746454493
-1.989067033361701889305531874100458133722577851459805460180692498185426899430147447934300057707150734
-1.989067507067638547142967883092463814673868661193563399250566253932740675235786272321476034586986766
-1.989067962018728769865041395887810769651423997926599372781034897554480552186679943950858457458899728
-1.989068398957779920518157147849292085869246307295241686895178202256987844345429916307400574779581898
-1.989068818598155250271890690126922252068886875934556855768883972554257112732700507039143018827823915
-1.989069221624943196634056488026384044951857733532340571346750411069959658439117695222247805152644343
-1.989069608696080055616689288602409605931684408421339348525974208678562673128492464855166529260787422
-1.989069980443427904193984776727619910985483538435057488286365153704935863305378269761096156124406289
-1.989070337473809572385982219727783320695464108447598081636512266030253674687687469220112359120176142
-1.989070680370002388787895587598754061201491025384665088106431956102076799055487157387179267084640404
-1.989071009691692355368324558145701956273263247802835913743163382711350066738954182119189337375027595
-1.989071325976390337941003483160270238820889459984202274285597651687690715533787065920665371647886888
-1.989071629740311795813801484772981270461339815060575460822172680436340110586563142640476691433033982
-1.989071921479221510067715881398310284482808529694726216132417344592820609258945529003817099260140703
-1.989072201669244712705687592540090163528866959905303070374865291121998843884223743228674291273258519
-1.989072470767645960098020564385116498097224226833282375281618782010225318796290521075274746245868313
